"variable","MD","PLOT_DATE","clim_mean","clim_sd","clim_max","value","rec_all_val","rec_all_date","value_record","MONTH","AES","NAME","por_start","por_end"
"BUI","04-01",2001-04-01,4.05,3.88908729652601,6.8,NA,121.3,2020-07-10,NA,4,"702FHL8","STE-ANNE-DE-BELLEVUE+1",1994,2026
"BUI","04-02",2001-04-02,3.85,2.61629509039023,6,NA,121.3,2020-07-10,NA,4,"702FHL8","STE-ANNE-DE-BELLEVUE+1",1994,2026
"BUI","04-03",2001-04-03,3.75,4.31335136523794,6.8,NA,121.3,2020-07-10,NA,4,"702FHL8","STE-ANNE-DE-BELLEVUE+1",1994,2026
"BUI","04-04",2001-04-04,5.73333333333333,3.49618840072061,8,NA,121.3,2020-07-10,NA,4,"702FHL8","STE-ANNE-DE-BELLEVUE+1",1994,2026
"BUI","04-05",2001-04-05,6.7,3.81575680566778,9.2,NA,121.3,2020-07-10,NA,4,"702FHL8","STE-ANNE-DE-BELLEVUE+1",1994,2026
"BUI","04-06",2001-04-06,7.8,3.47706773014274,10.8,NA,121.3,2020-07-10,NA,4,"702FHL8","STE-ANNE-DE-BELLEVUE+1",1994,2026
"BUI","04-07",2001-04-07,6.83333333333333,3.09246395829173,10.4,NA,121.3,2020-07-10,NA,4,"702FHL8","STE-ANNE-DE-BELLEVUE+1",1994,2026
"BUI","04-08",2001-04-08,7.66666666666667,3.42977161533145,11.6,NA,121.3,2020-07-10,NA,4,"702FHL8","STE-ANNE-DE-BELLEVUE+1",1994,2026
"BUI","04-09",2001-04-09,7.36666666666667,4.52806065919322,12.3,NA,121.3,2020-07-10,NA,4,"702FHL8","STE-ANNE-DE-BELLEVUE+1",1994,2026
"BUI","04-10",2001-04-10,6.7,5.52177507691141,13,NA,121.3,2020-07-10,NA,4,"702FHL8","STE-ANNE-DE-BELLEVUE+1",1994,2026
"BUI","04-11",2001-04-11,6.7,4.94907398745799,14,4.3,121.3,2020-07-10,NA,4,"702FHL8","STE-ANNE-DE-BELLEVUE+1",1994,2026
"BUI","04-12",2001-04-12,7.56666666666667,3.16459581410749,13.7,5.4,121.3,2020-07-10,NA,4,"702FHL8","STE-ANNE-DE-BELLEVUE+1",1994,2026
"BUI","04-13",2001-04-13,7.7875,3.87461979701603,15.7,1.7,121.3,2020-07-10,NA,4,"702FHL8","STE-ANNE-DE-BELLEVUE+1",1994,2026
"BUI","04-14",2001-04-14,7.98888888888889,5.18590504262381,20.9,0.6,121.3,2020-07-10,NA,4,"702FHL8","STE-ANNE-DE-BELLEVUE+1",1994,2026
"BUI","04-15",2001-04-15,8.92222222222222,6.31066117331967,19.2,0.5,121.3,2020-07-10,NA,4,"702FHL8","STE-ANNE-DE-BELLEVUE+1",1994,2026
"BUI","04-16",2001-04-16,7.9625,6.96500179468749,21.7,0.9,121.3,2020-07-10,NA,4,"702FHL8","STE-ANNE-DE-BELLEVUE+1",1994,2026
"BUI","04-17",2001-04-17,7.52857142857143,8.08119510256461,23,1.3,121.3,2020-07-10,NA,4,"702FHL8","STE-ANNE-DE-BELLEVUE+1",1994,2026
"BUI","04-18",2001-04-18,7.1625,8.11927820507639,24,3.4,121.3,2020-07-10,NA,4,"702FHL8","STE-ANNE-DE-BELLEVUE+1",1994,2026
"BUI","04-19",2001-04-19,7.87777777777778,8.15395268838644,26.2,2,121.3,2020-07-10,NA,4,"702FHL8","STE-ANNE-DE-BELLEVUE+1",1994,2026
"BUI","04-20",2001-04-20,7.16666666666667,8.12388453881516,26.9,2.5,121.3,2020-07-10,NA,4,"702FHL8","STE-ANNE-DE-BELLEVUE+1",1994,2026
"BUI","04-21",2001-04-21,6.57777777777778,6.21928005837046,19.9,3.5,121.3,2020-07-10,NA,4,"702FHL8","STE-ANNE-DE-BELLEVUE+1",1994,2026
"BUI","04-22",2001-04-22,5.98,4.33558915642769,14.8,5,121.3,2020-07-10,NA,4,"702FHL8","STE-ANNE-DE-BELLEVUE+1",1994,2026
"BUI","04-23",2001-04-23,6.52222222222222,5.24565958144869,17.4,6.9,121.3,2020-07-10,NA,4,"702FHL8","STE-ANNE-DE-BELLEVUE+1",1994,2026
"BUI","04-24",2001-04-24,6.8,5.6650978220445,19.2,8.4,121.3,2020-07-10,NA,4,"702FHL8","STE-ANNE-DE-BELLEVUE+1",1994,2026
"BUI","04-25",2001-04-25,7.61,5.34050559404257,18.1,10.1,121.3,2020-07-10,NA,4,"702FHL8","STE-ANNE-DE-BELLEVUE+1",1994,2026
"BUI","04-26",2001-04-26,7.09,6.1815945443802,19.3,12.3,121.3,2020-07-10,NA,4,"702FHL8","STE-ANNE-DE-BELLEVUE+1",1994,2026
"BUI","04-27",2001-04-27,6.50909090909091,6.08398792659133,20,15.3,121.3,2020-07-10,NA,4,"702FHL8","STE-ANNE-DE-BELLEVUE+1",1994,2026
"BUI","04-28",2001-04-28,6.41818181818182,6.17977640077992,22,NA,121.3,2020-07-10,NA,4,"702FHL8","STE-ANNE-DE-BELLEVUE+1",1994,2026
"BUI","04-29",2001-04-29,7.81666666666667,6.53366573056717,24.5,NA,121.3,2020-07-10,NA,4,"702FHL8","STE-ANNE-DE-BELLEVUE+1",1994,2026
"BUI","04-30",2001-04-30,9.6,7.54298791372932,27.5,NA,121.3,2020-07-10,NA,4,"702FHL8","STE-ANNE-DE-BELLEVUE+1",1994,2026
"BUI","05-01",2001-05-01,10.0538461538462,8.91343698998086,30.8,NA,121.3,2020-07-10,NA,5,"702FHL8","STE-ANNE-DE-BELLEVUE+1",1994,2026
"BUI","05-02",2001-05-02,11.6,9.67255567744809,32.4,NA,121.3,2020-07-10,NA,5,"702FHL8","STE-ANNE-DE-BELLEVUE+1",1994,2026
"BUI","05-03",2001-05-03,12.3714285714286,10.4025461802852,33.7,NA,121.3,2020-07-10,NA,5,"702FHL8","STE-ANNE-DE-BELLEVUE+1",1994,2026
"BUI","05-04",2001-05-04,12.1428571428571,10.7623785107564,35.5,NA,121.3,2020-07-10,NA,5,"702FHL8","STE-ANNE-DE-BELLEVUE+1",1994,2026
"BUI","05-05",2001-05-05,12.7866666666667,11.1088038874365,38,NA,121.3,2020-07-10,NA,5,"702FHL8","STE-ANNE-DE-BELLEVUE+1",1994,2026
"BUI","05-06",2001-05-06,13.88,11.6125670842288,40.9,NA,121.3,2020-07-10,NA,5,"702FHL8","STE-ANNE-DE-BELLEVUE+1",1994,2026
"BUI","05-07",2001-05-07,15.29375,12.2704234509925,43.5,NA,121.3,2020-07-10,NA,5,"702FHL8","STE-ANNE-DE-BELLEVUE+1",1994,2026
"BUI","05-08",2001-05-08,15.0235294117647,11.3122460972481,39.6,NA,121.3,2020-07-10,NA,5,"702FHL8","STE-ANNE-DE-BELLEVUE+1",1994,2026
"BUI","05-09",2001-05-09,16.1823529411765,11.7919588753373,42.5,NA,121.3,2020-07-10,NA,5,"702FHL8","STE-ANNE-DE-BELLEVUE+1",1994,2026
"BUI","05-10",2001-05-10,16.2411764705882,12.3153389530866,45.2,NA,121.3,2020-07-10,NA,5,"702FHL8","STE-ANNE-DE-BELLEVUE+1",1994,2026
"BUI","05-11",2001-05-11,14.8470588235294,8.99160147353204,35.1,NA,121.3,2020-07-10,NA,5,"702FHL8","STE-ANNE-DE-BELLEVUE+1",1994,2026
"BUI","05-12",2001-05-12,16.0117647058824,9.39201005861772,37.4,NA,121.3,2020-07-10,NA,5,"702FHL8","STE-ANNE-DE-BELLEVUE+1",1994,2026
"BUI","05-13",2001-05-13,17.4375,9.2065103776259,39.3,NA,121.3,2020-07-10,NA,5,"702FHL8","STE-ANNE-DE-BELLEVUE+1",1994,2026
"BUI","05-14",2001-05-14,17.0705882352941,11.2295795060346,41.9,NA,121.3,2020-07-10,NA,5,"702FHL8","STE-ANNE-DE-BELLEVUE+1",1994,2026
"BUI","05-15",2001-05-15,17.8117647058824,12.4458267279107,45.5,NA,121.3,2020-07-10,NA,5,"702FHL8","STE-ANNE-DE-BELLEVUE+1",1994,2026
"BUI","05-16",2001-05-16,17.5588235294118,12.4996529363583,49,NA,121.3,2020-07-10,NA,5,"702FHL8","STE-ANNE-DE-BELLEVUE+1",1994,2026
"BUI","05-17",2001-05-17,18.4352941176471,14.0859833334627,52.3,NA,121.3,2020-07-10,NA,5,"702FHL8","STE-ANNE-DE-BELLEVUE+1",1994,2026
"BUI","05-18",2001-05-18,20.5764705882353,14.9837632711114,55.6,NA,121.3,2020-07-10,NA,5,"702FHL8","STE-ANNE-DE-BELLEVUE+1",1994,2026
"BUI","05-19",2001-05-19,21.0823529411765,13.0842097246126,42.2,NA,121.3,2020-07-10,NA,5,"702FHL8","STE-ANNE-DE-BELLEVUE+1",1994,2026
"BUI","05-20",2001-05-20,20.6529411764706,11.2953042039081,46.8,NA,121.3,2020-07-10,NA,5,"702FHL8","STE-ANNE-DE-BELLEVUE+1",1994,2026
"BUI","05-21",2001-05-21,23.2117647058824,11.4517947476008,51,NA,121.3,2020-07-10,NA,5,"702FHL8","STE-ANNE-DE-BELLEVUE+1",1994,2026
"BUI","05-22",2001-05-22,23.0470588235294,11.0822559553019,53.7,NA,121.3,2020-07-10,NA,5,"702FHL8","STE-ANNE-DE-BELLEVUE+1",1994,2026
"BUI","05-23",2001-05-23,24.2764705882353,11.5044844197689,55.7,NA,121.3,2020-07-10,NA,5,"702FHL8","STE-ANNE-DE-BELLEVUE+1",1994,2026
"BUI","05-24",2001-05-24,24.1,12.684045096104,58.5,NA,121.3,2020-07-10,NA,5,"702FHL8","STE-ANNE-DE-BELLEVUE+1",1994,2026
"BUI","05-25",2001-05-25,26.1294117647059,13.0469232343244,61.2,NA,121.3,2020-07-10,NA,5,"702FHL8","STE-ANNE-DE-BELLEVUE+1",1994,2026
"BUI","05-26",2001-05-26,22.8882352941177,14.5139537322253,64.9,NA,121.3,2020-07-10,NA,5,"702FHL8","STE-ANNE-DE-BELLEVUE+1",1994,2026
"BUI","05-27",2001-05-27,24.7117647058824,15.6508738714864,66.8,NA,121.3,2020-07-10,NA,5,"702FHL8","STE-ANNE-DE-BELLEVUE+1",1994,2026
"BUI","05-28",2001-05-28,25.3117647058824,16.4419768562414,68.7,NA,121.3,2020-07-10,NA,5,"702FHL8","STE-ANNE-DE-BELLEVUE+1",1994,2026
"BUI","05-29",2001-05-29,24.1058823529412,17.2521545968987,71.6,NA,121.3,2020-07-10,NA,5,"702FHL8","STE-ANNE-DE-BELLEVUE+1",1994,2026
"BUI","05-30",2001-05-30,24.3411764705882,17.6132783299819,74.5,NA,121.3,2020-07-10,NA,5,"702FHL8","STE-ANNE-DE-BELLEVUE+1",1994,2026
"BUI","05-31",2001-05-31,24.1647058823529,16.1466304989799,76.2,NA,121.3,2020-07-10,NA,5,"702FHL8","STE-ANNE-DE-BELLEVUE+1",1994,2026
"BUI","06-01",2001-06-01,24.9,12.8411934803584,79.6,NA,121.3,2020-07-10,NA,6,"702FHL8","STE-ANNE-DE-BELLEVUE+1",1994,2026
"BUI","06-02",2001-06-02,22.0588235294118,13.2185030744563,83.7,NA,121.3,2020-07-10,NA,6,"702FHL8","STE-ANNE-DE-BELLEVUE+1",1994,2026
"BUI","06-03",2001-06-03,20.1764705882353,14.2898359600349,60,NA,121.3,2020-07-10,NA,6,"702FHL8","STE-ANNE-DE-BELLEVUE+1",1994,2026
"BUI","06-04",2001-06-04,19.4529411764706,12.7359784492132,56.6,NA,121.3,2020-07-10,NA,6,"702FHL8","STE-ANNE-DE-BELLEVUE+1",1994,2026
"BUI","06-05",2001-06-05,19.9352941176471,12.5947380469221,59.3,NA,121.3,2020-07-10,NA,6,"702FHL8","STE-ANNE-DE-BELLEVUE+1",1994,2026
"BUI","06-06",2001-06-06,18.3882352941176,12.8076579803326,61.9,NA,121.3,2020-07-10,NA,6,"702FHL8","STE-ANNE-DE-BELLEVUE+1",1994,2026
"BUI","06-07",2001-06-07,19.0117647058823,14.0326352814137,63.8,NA,121.3,2020-07-10,NA,6,"702FHL8","STE-ANNE-DE-BELLEVUE+1",1994,2026
"BUI","06-08",2001-06-08,20.6235294117647,15.1650308857155,65.4,NA,121.3,2020-07-10,NA,6,"702FHL8","STE-ANNE-DE-BELLEVUE+1",1994,2026
"BUI","06-09",2001-06-09,22.8764705882353,15.8586541599439,67.1,NA,121.3,2020-07-10,NA,6,"702FHL8","STE-ANNE-DE-BELLEVUE+1",1994,2026
"BUI","06-10",2001-06-10,25.3235294117647,16.8826660147237,69.9,NA,121.3,2020-07-10,NA,6,"702FHL8","STE-ANNE-DE-BELLEVUE+1",1994,2026
"BUI","06-11",2001-06-11,25.7352941176471,18.1973192110978,73.4,NA,121.3,2020-07-10,NA,6,"702FHL8","STE-ANNE-DE-BELLEVUE+1",1994,2026
"BUI","06-12",2001-06-12,24.3411764705882,18.7857013052324,76.8,NA,121.3,2020-07-10,NA,6,"702FHL8","STE-ANNE-DE-BELLEVUE+1",1994,2026
"BUI","06-13",2001-06-13,23.7823529411765,20.0897435055216,73.5,NA,121.3,2020-07-10,NA,6,"702FHL8","STE-ANNE-DE-BELLEVUE+1",1994,2026
"BUI","06-14",2001-06-14,23.7647058823529,20.332269338925,76.6,NA,121.3,2020-07-10,NA,6,"702FHL8","STE-ANNE-DE-BELLEVUE+1",1994,2026
"BUI","06-15",2001-06-15,26.0764705882353,21.0380764749229,80.1,NA,121.3,2020-07-10,NA,6,"702FHL8","STE-ANNE-DE-BELLEVUE+1",1994,2026
"BUI","06-16",2001-06-16,25.2941176470588,19.456922630141,84.3,NA,121.3,2020-07-10,NA,6,"702FHL8","STE-ANNE-DE-BELLEVUE+1",1994,2026
"BUI","06-17",2001-06-17,26.5647058823529,20.651783856863,88.6,NA,121.3,2020-07-10,NA,6,"702FHL8","STE-ANNE-DE-BELLEVUE+1",1994,2026
"BUI","06-18",2001-06-18,27.8294117647059,21.6437856181019,93.1,NA,121.3,2020-07-10,NA,6,"702FHL8","STE-ANNE-DE-BELLEVUE+1",1994,2026
"BUI","06-19",2001-06-19,30.3705882352941,22.341406757014,96.9,NA,121.3,2020-07-10,NA,6,"702FHL8","STE-ANNE-DE-BELLEVUE+1",1994,2026
"BUI","06-20",2001-06-20,30.7058823529412,23.0193524721112,101.2,NA,121.3,2020-07-10,NA,6,"702FHL8","STE-ANNE-DE-BELLEVUE+1",1994,2026
"BUI","06-21",2001-06-21,32.5705882352941,24.1660082736548,104.8,NA,121.3,2020-07-10,NA,6,"702FHL8","STE-ANNE-DE-BELLEVUE+1",1994,2026
"BUI","06-22",2001-06-22,34.5764705882353,24.2896461844282,109,NA,121.3,2020-07-10,NA,6,"702FHL8","STE-ANNE-DE-BELLEVUE+1",1994,2026
"BUI","06-23",2001-06-23,35.1235294117647,25.2242821853211,111.2,NA,121.3,2020-07-10,NA,6,"702FHL8","STE-ANNE-DE-BELLEVUE+1",1994,2026
"BUI","06-24",2001-06-24,32.1235294117647,18.6849380990333,71.6,NA,121.3,2020-07-10,NA,6,"702FHL8","STE-ANNE-DE-BELLEVUE+1",1994,2026
"BUI","06-25",2001-06-25,26.3,16.935465744998,68.9,NA,121.3,2020-07-10,NA,6,"702FHL8","STE-ANNE-DE-BELLEVUE+1",1994,2026
"BUI","06-26",2001-06-26,27.2823529411765,19.0937894122054,72.7,NA,121.3,2020-07-10,NA,6,"702FHL8","STE-ANNE-DE-BELLEVUE+1",1994,2026
"BUI","06-27",2001-06-27,27.3352941176471,19.2465886969766,75.1,NA,121.3,2020-07-10,NA,6,"702FHL8","STE-ANNE-DE-BELLEVUE+1",1994,2026
"BUI","06-28",2001-06-28,27.2235294117647,19.6420635821368,77.6,NA,121.3,2020-07-10,NA,6,"702FHL8","STE-ANNE-DE-BELLEVUE+1",1994,2026
"BUI","06-29",2001-06-29,26.0058823529412,20.0873240685586,79.4,NA,121.3,2020-07-10,NA,6,"702FHL8","STE-ANNE-DE-BELLEVUE+1",1994,2026
"BUI","06-30",2001-06-30,26.3117647058824,20.781628977084,81.2,NA,121.3,2020-07-10,NA,6,"702FHL8","STE-ANNE-DE-BELLEVUE+1",1994,2026
"BUI","07-01",2001-07-01,25.7176470588235,20.8388230022151,84.8,NA,121.3,2020-07-10,NA,7,"702FHL8","STE-ANNE-DE-BELLEVUE+1",1994,2026
"BUI","07-02",2001-07-02,27.5647058823529,21.7138763575412,87.9,NA,121.3,2020-07-10,NA,7,"702FHL8","STE-ANNE-DE-BELLEVUE+1",1994,2026
"BUI","07-03",2001-07-03,28.9764705882353,21.6633772012746,91.9,NA,121.3,2020-07-10,NA,7,"702FHL8","STE-ANNE-DE-BELLEVUE+1",1994,2026
"BUI","07-04",2001-07-04,30.3235294117647,23.0354218924835,96.8,NA,121.3,2020-07-10,NA,7,"702FHL8","STE-ANNE-DE-BELLEVUE+1",1994,2026
"BUI","07-05",2001-07-05,32.3470588235294,23.6785799206545,101.1,NA,121.3,2020-07-10,NA,7,"702FHL8","STE-ANNE-DE-BELLEVUE+1",1994,2026
"BUI","07-06",2001-07-06,33.1941176470588,23.3539737140234,105.6,NA,121.3,2020-07-10,NA,7,"702FHL8","STE-ANNE-DE-BELLEVUE+1",1994,2026
"BUI","07-07",2001-07-07,33.2117647058823,24.5937970419611,110.1,NA,121.3,2020-07-10,NA,7,"702FHL8","STE-ANNE-DE-BELLEVUE+1",1994,2026
"BUI","07-08",2001-07-08,33.9882352941176,26.3965168713824,113.3,NA,121.3,2020-07-10,NA,7,"702FHL8","STE-ANNE-DE-BELLEVUE+1",1994,2026
"BUI","07-09",2001-07-09,32.8352941176471,26.8599595396305,116.9,NA,121.3,2020-07-10,NA,7,"702FHL8","STE-ANNE-DE-BELLEVUE+1",1994,2026
"BUI","07-10",2001-07-10,33.3529411764706,28.1351674432342,121.3,NA,121.3,2020-07-10,NA,7,"702FHL8","STE-ANNE-DE-BELLEVUE+1",1994,2026
"BUI","07-11",2001-07-11,32.6529411764706,19.3829537753879,80.8,NA,121.3,2020-07-10,NA,7,"702FHL8","STE-ANNE-DE-BELLEVUE+1",1994,2026
"BUI","07-12",2001-07-12,32.8588235294118,17.3537841270834,84.9,NA,121.3,2020-07-10,NA,7,"702FHL8","STE-ANNE-DE-BELLEVUE+1",1994,2026
"BUI","07-13",2001-07-13,33.6705882352941,19.6687494742892,89.1,NA,121.3,2020-07-10,NA,7,"702FHL8","STE-ANNE-DE-BELLEVUE+1",1994,2026
"BUI","07-14",2001-07-14,33.3941176470588,21.4621897353298,91.6,NA,121.3,2020-07-10,NA,7,"702FHL8","STE-ANNE-DE-BELLEVUE+1",1994,2026
"BUI","07-15",2001-07-15,33.5764705882353,22.8825132309523,95.3,NA,121.3,2020-07-10,NA,7,"702FHL8","STE-ANNE-DE-BELLEVUE+1",1994,2026
"BUI","07-16",2001-07-16,33.6352941176471,21.3692226454447,99.9,NA,121.3,2020-07-10,NA,7,"702FHL8","STE-ANNE-DE-BELLEVUE+1",1994,2026
"BUI","07-17",2001-07-17,26.7529411764706,11.5822125286503,54.5,NA,121.3,2020-07-10,NA,7,"702FHL8","STE-ANNE-DE-BELLEVUE+1",1994,2026
"BUI","07-18",2001-07-18,25.2,11.1339009336351,58.4,NA,121.3,2020-07-10,NA,7,"702FHL8","STE-ANNE-DE-BELLEVUE+1",1994,2026
"BUI","07-19",2001-07-19,24.9235294117647,13.5888984750312,62.7,NA,121.3,2020-07-10,NA,7,"702FHL8","STE-ANNE-DE-BELLEVUE+1",1994,2026
"BUI","07-20",2001-07-20,25.4470588235294,15.1385318660306,67.6,NA,121.3,2020-07-10,NA,7,"702FHL8","STE-ANNE-DE-BELLEVUE+1",1994,2026
"BUI","07-21",2001-07-21,27.0411764705882,16.075682676932,72.2,NA,121.3,2020-07-10,NA,7,"702FHL8","STE-ANNE-DE-BELLEVUE+1",1994,2026
"BUI","07-22",2001-07-22,28.5588235294118,14.1107697709732,56.2,NA,121.3,2020-07-10,NA,7,"702FHL8","STE-ANNE-DE-BELLEVUE+1",1994,2026
"BUI","07-23",2001-07-23,27.9941176470588,13.2975782846086,59.2,NA,121.3,2020-07-10,NA,7,"702FHL8","STE-ANNE-DE-BELLEVUE+1",1994,2026
"BUI","07-24",2001-07-24,26.5705882352941,14.7971181613973,63.9,NA,121.3,2020-07-10,NA,7,"702FHL8","STE-ANNE-DE-BELLEVUE+1",1994,2026
"BUI","07-25",2001-07-25,28.6705882352941,15.3823260881556,66.6,NA,121.3,2020-07-10,NA,7,"702FHL8","STE-ANNE-DE-BELLEVUE+1",1994,2026
"BUI","07-26",2001-07-26,29.2,16.0832987909819,70.1,NA,121.3,2020-07-10,NA,7,"702FHL8","STE-ANNE-DE-BELLEVUE+1",1994,2026
"BUI","07-27",2001-07-27,29.1647058823529,16.1974512337771,72.8,NA,121.3,2020-07-10,NA,7,"702FHL8","STE-ANNE-DE-BELLEVUE+1",1994,2026
"BUI","07-28",2001-07-28,30.4117647058823,18.1221508916899,76.7,NA,121.3,2020-07-10,NA,7,"702FHL8","STE-ANNE-DE-BELLEVUE+1",1994,2026
"BUI","07-29",2001-07-29,29.4529411764706,19.1384141730401,78.9,NA,121.3,2020-07-10,NA,7,"702FHL8","STE-ANNE-DE-BELLEVUE+1",1994,2026
"BUI","07-30",2001-07-30,26.4764705882353,15.7177658006698,66.7,NA,121.3,2020-07-10,NA,7,"702FHL8","STE-ANNE-DE-BELLEVUE+1",1994,2026
"BUI","07-31",2001-07-31,28.3411764705882,16.0549080822474,61.7,NA,121.3,2020-07-10,NA,7,"702FHL8","STE-ANNE-DE-BELLEVUE+1",1994,2026
"BUI","08-01",2001-08-01,29.4411764705882,17.6354776949594,66.2,NA,121.3,2020-07-10,NA,8,"702FHL8","STE-ANNE-DE-BELLEVUE+1",1994,2026
"BUI","08-02",2001-08-02,28.7705882352941,19.2101784448337,70.5,NA,121.3,2020-07-10,NA,8,"702FHL8","STE-ANNE-DE-BELLEVUE+1",1994,2026
"BUI","08-03",2001-08-03,29.1,20.285586015691,74.5,NA,121.3,2020-07-10,NA,8,"702FHL8","STE-ANNE-DE-BELLEVUE+1",1994,2026
"BUI","08-04",2001-08-04,27.8823529411765,22.6846378440928,78,NA,121.3,2020-07-10,NA,8,"702FHL8","STE-ANNE-DE-BELLEVUE+1",1994,2026
"BUI","08-05",2001-08-05,28.4117647058823,24.1347229721241,81.4,NA,121.3,2020-07-10,NA,8,"702FHL8","STE-ANNE-DE-BELLEVUE+1",1994,2026
"BUI","08-06",2001-08-06,28.8882352941176,24.6158201760814,84.9,NA,121.3,2020-07-10,NA,8,"702FHL8","STE-ANNE-DE-BELLEVUE+1",1994,2026
"BUI","08-07",2001-08-07,29.0235294117647,22.8125658741998,86.3,NA,121.3,2020-07-10,NA,8,"702FHL8","STE-ANNE-DE-BELLEVUE+1",1994,2026
"BUI","08-08",2001-08-08,28.6235294117647,19.4476068390099,88.2,NA,121.3,2020-07-10,NA,8,"702FHL8","STE-ANNE-DE-BELLEVUE+1",1994,2026
"BUI","08-09",2001-08-09,30.4,20.9089693672357,92,NA,121.3,2020-07-10,NA,8,"702FHL8","STE-ANNE-DE-BELLEVUE+1",1994,2026
"BUI","08-10",2001-08-10,29.4235294117647,19.5747135806557,96,NA,121.3,2020-07-10,NA,8,"702FHL8","STE-ANNE-DE-BELLEVUE+1",1994,2026
"BUI","08-11",2001-08-11,29.0647058823529,19.0036161419502,100.9,NA,121.3,2020-07-10,NA,8,"702FHL8","STE-ANNE-DE-BELLEVUE+1",1994,2026
"BUI","08-12",2001-08-12,27,14.2010122878617,105.5,NA,121.3,2020-07-10,NA,8,"702FHL8","STE-ANNE-DE-BELLEVUE+1",1994,2026
"BUI","08-13",2001-08-13,22.6,10.7251456866562,55,NA,121.3,2020-07-10,NA,8,"702FHL8","STE-ANNE-DE-BELLEVUE+1",1994,2026
"BUI","08-14",2001-08-14,22.5411764705882,12.0121843779311,51.2,NA,121.3,2020-07-10,NA,8,"702FHL8","STE-ANNE-DE-BELLEVUE+1",1994,2026
"BUI","08-15",2001-08-15,20.5294117647059,10.3558416308069,45.8,NA,121.3,2020-07-10,NA,8,"702FHL8","STE-ANNE-DE-BELLEVUE+1",1994,2026
"BUI","08-16",2001-08-16,20.9764705882353,10.5315317862458,49.9,NA,121.3,2020-07-10,NA,8,"702FHL8","STE-ANNE-DE-BELLEVUE+1",1994,2026
"BUI","08-17",2001-08-17,20.7705882352941,9.54730097369686,51.9,NA,121.3,2020-07-10,NA,8,"702FHL8","STE-ANNE-DE-BELLEVUE+1",1994,2026
"BUI","08-18",2001-08-18,22.3647058823529,10.1019763645827,54.2,NA,121.3,2020-07-10,NA,8,"702FHL8","STE-ANNE-DE-BELLEVUE+1",1994,2026
"BUI","08-19",2001-08-19,25.2,10.6246176401789,55.5,NA,121.3,2020-07-10,NA,8,"702FHL8","STE-ANNE-DE-BELLEVUE+1",1994,2026
"BUI","08-20",2001-08-20,27.7352941176471,10.3889328841122,59.1,NA,121.3,2020-07-10,NA,8,"702FHL8","STE-ANNE-DE-BELLEVUE+1",1994,2026
"BUI","08-21",2001-08-21,26.1,12.4928979824539,62.7,NA,121.3,2020-07-10,NA,8,"702FHL8","STE-ANNE-DE-BELLEVUE+1",1994,2026
"BUI","08-22",2001-08-22,26.0588235294118,14.5234318784994,66,NA,121.3,2020-07-10,NA,8,"702FHL8","STE-ANNE-DE-BELLEVUE+1",1994,2026
"BUI","08-23",2001-08-23,25.1823529411765,15.5751097626196,68.9,NA,121.3,2020-07-10,NA,8,"702FHL8","STE-ANNE-DE-BELLEVUE+1",1994,2026
"BUI","08-24",2001-08-24,26.3176470588235,14.1106890022297,73.2,NA,121.3,2020-07-10,NA,8,"702FHL8","STE-ANNE-DE-BELLEVUE+1",1994,2026
"BUI","08-25",2001-08-25,27.2823529411765,15.5822509323155,76.9,NA,121.3,2020-07-10,NA,8,"702FHL8","STE-ANNE-DE-BELLEVUE+1",1994,2026
"BUI","08-26",2001-08-26,28.7882352941176,16.3152873998951,80.1,NA,121.3,2020-07-10,NA,8,"702FHL8","STE-ANNE-DE-BELLEVUE+1",1994,2026
"BUI","08-27",2001-08-27,30.6176470588235,16.8469298128071,83.3,NA,121.3,2020-07-10,NA,8,"702FHL8","STE-ANNE-DE-BELLEVUE+1",1994,2026
"BUI","08-28",2001-08-28,32.7470588235294,17.5510725330056,85,NA,121.3,2020-07-10,NA,8,"702FHL8","STE-ANNE-DE-BELLEVUE+1",1994,2026
"BUI","08-29",2001-08-29,32.3176470588235,18.7938232969677,85.9,NA,121.3,2020-07-10,NA,8,"702FHL8","STE-ANNE-DE-BELLEVUE+1",1994,2026
"BUI","08-30",2001-08-30,33.7235294117647,19.1597080292134,67.8,NA,121.3,2020-07-10,NA,8,"702FHL8","STE-ANNE-DE-BELLEVUE+1",1994,2026
"BUI","08-31",2001-08-31,31.4352941176471,19.1529351920427,69.1,NA,121.3,2020-07-10,NA,8,"702FHL8","STE-ANNE-DE-BELLEVUE+1",1994,2026
"BUI","09-01",2001-09-01,33.0588235294118,19.5290507585344,73.2,NA,121.3,2020-07-10,NA,9,"702FHL8","STE-ANNE-DE-BELLEVUE+1",1994,2026
"BUI","09-02",2001-09-02,33.6470588235294,21.5739460242864,76.9,NA,121.3,2020-07-10,NA,9,"702FHL8","STE-ANNE-DE-BELLEVUE+1",1994,2026
"BUI","09-03",2001-09-03,31.9823529411765,22.4133396466847,80.8,NA,121.3,2020-07-10,NA,9,"702FHL8","STE-ANNE-DE-BELLEVUE+1",1994,2026
"BUI","09-04",2001-09-04,32.4941176470588,23.4074900028878,84.2,NA,121.3,2020-07-10,NA,9,"702FHL8","STE-ANNE-DE-BELLEVUE+1",1994,2026
"BUI","09-05",2001-09-05,32.7882352941177,21.8306516838407,87.8,NA,121.3,2020-07-10,NA,9,"702FHL8","STE-ANNE-DE-BELLEVUE+1",1994,2026
"BUI","09-06",2001-09-06,33.7588235294118,22.9905159474382,88.9,NA,121.3,2020-07-10,NA,9,"702FHL8","STE-ANNE-DE-BELLEVUE+1",1994,2026
"BUI","09-07",2001-09-07,28.6941176470588,16.2663944448453,58.9,NA,121.3,2020-07-10,NA,9,"702FHL8","STE-ANNE-DE-BELLEVUE+1",1994,2026
"BUI","09-08",2001-09-08,23.1882352941176,13.6701262957288,49.3,NA,121.3,2020-07-10,NA,9,"702FHL8","STE-ANNE-DE-BELLEVUE+1",1994,2026
"BUI","09-09",2001-09-09,22.5588235294118,12.5020027807312,51.5,NA,121.3,2020-07-10,NA,9,"702FHL8","STE-ANNE-DE-BELLEVUE+1",1994,2026
"BUI","09-10",2001-09-10,23.5,12.751568530969,53.6,NA,121.3,2020-07-10,NA,9,"702FHL8","STE-ANNE-DE-BELLEVUE+1",1994,2026
"BUI","09-11",2001-09-11,22.2823529411765,12.3132669961163,55.9,NA,121.3,2020-07-10,NA,9,"702FHL8","STE-ANNE-DE-BELLEVUE+1",1994,2026
"BUI","09-12",2001-09-12,22.7470588235294,13.515783257319,57.9,NA,121.3,2020-07-10,NA,9,"702FHL8","STE-ANNE-DE-BELLEVUE+1",1994,2026
"BUI","09-13",2001-09-13,21.4,13.8940634804941,60.1,NA,121.3,2020-07-10,NA,9,"702FHL8","STE-ANNE-DE-BELLEVUE+1",1994,2026
"BUI","09-14",2001-09-14,17.7647058823529,12.1760492964914,47.7,NA,121.3,2020-07-10,NA,9,"702FHL8","STE-ANNE-DE-BELLEVUE+1",1994,2026
"BUI","09-15",2001-09-15,17.6470588235294,9.30014231390163,31.9,NA,121.3,2020-07-10,NA,9,"702FHL8","STE-ANNE-DE-BELLEVUE+1",1994,2026
"BUI","09-16",2001-09-16,17.8176470588235,10.4071030607776,35,NA,121.3,2020-07-10,NA,9,"702FHL8","STE-ANNE-DE-BELLEVUE+1",1994,2026
"BUI","09-17",2001-09-17,17.9941176470588,11.4362619869997,39.3,NA,121.3,2020-07-10,NA,9,"702FHL8","STE-ANNE-DE-BELLEVUE+1",1994,2026
"BUI","09-18",2001-09-18,18.5882352941176,10.5205680902305,41.1,NA,121.3,2020-07-10,NA,9,"702FHL8","STE-ANNE-DE-BELLEVUE+1",1994,2026
"BUI","09-19",2001-09-19,20.4705882352941,10.8224745729594,42.8,NA,121.3,2020-07-10,NA,9,"702FHL8","STE-ANNE-DE-BELLEVUE+1",1994,2026
"BUI","09-20",2001-09-20,20.3,10.2451207899175,44.3,NA,121.3,2020-07-10,NA,9,"702FHL8","STE-ANNE-DE-BELLEVUE+1",1994,2026
"BUI","09-21",2001-09-21,21.1058823529412,8.64569767198079,43,NA,121.3,2020-07-10,NA,9,"702FHL8","STE-ANNE-DE-BELLEVUE+1",1994,2026
"BUI","09-22",2001-09-22,19.9176470588235,10.5080466366327,43.6,NA,121.3,2020-07-10,NA,9,"702FHL8","STE-ANNE-DE-BELLEVUE+1",1994,2026
"BUI","09-23",2001-09-23,20.5647058823529,10.7646958373466,45.2,NA,121.3,2020-07-10,NA,9,"702FHL8","STE-ANNE-DE-BELLEVUE+1",1994,2026
"BUI","09-24",2001-09-24,20.7411764705882,11.1874404369101,47.4,NA,121.3,2020-07-10,NA,9,"702FHL8","STE-ANNE-DE-BELLEVUE+1",1994,2026
"BUI","09-25",2001-09-25,21.9764705882353,11.8734751342943,50.4,NA,121.3,2020-07-10,NA,9,"702FHL8","STE-ANNE-DE-BELLEVUE+1",1994,2026
"BUI","09-26",2001-09-26,22.4,11.9618664931523,46.9,NA,121.3,2020-07-10,NA,9,"702FHL8","STE-ANNE-DE-BELLEVUE+1",1994,2026
"BUI","09-27",2001-09-27,20.7058823529412,11.9413394657088,49.8,NA,121.3,2020-07-10,NA,9,"702FHL8","STE-ANNE-DE-BELLEVUE+1",1994,2026
"BUI","09-28",2001-09-28,20.5235294117647,11.5735436131163,40.6,NA,121.3,2020-07-10,NA,9,"702FHL8","STE-ANNE-DE-BELLEVUE+1",1994,2026
"BUI","09-29",2001-09-29,19.6117647058824,13.1146808173579,42.2,NA,121.3,2020-07-10,NA,9,"702FHL8","STE-ANNE-DE-BELLEVUE+1",1994,2026
"BUI","09-30",2001-09-30,16.8117647058824,12.5176816120708,44,NA,121.3,2020-07-10,NA,9,"702FHL8","STE-ANNE-DE-BELLEVUE+1",1994,2026
"BUI","10-01",2001-10-01,15.9058823529412,13.0888535875108,45.9,NA,121.3,2020-07-10,NA,10,"702FHL8","STE-ANNE-DE-BELLEVUE+1",1994,2026
"BUI","10-02",2001-10-02,16.3875,14.6191142002517,47.7,NA,121.3,2020-07-10,NA,10,"702FHL8","STE-ANNE-DE-BELLEVUE+1",1994,2026
"BUI","10-03",2001-10-03,16.5058823529412,15.1857034158874,49.7,NA,121.3,2020-07-10,NA,10,"702FHL8","STE-ANNE-DE-BELLEVUE+1",1994,2026
"BUI","10-04",2001-10-04,15.5470588235294,15.178567029164,52,NA,121.3,2020-07-10,NA,10,"702FHL8","STE-ANNE-DE-BELLEVUE+1",1994,2026
"BUI","10-05",2001-10-05,14.9588235294118,12.7959494969858,50.1,NA,121.3,2020-07-10,NA,10,"702FHL8","STE-ANNE-DE-BELLEVUE+1",1994,2026
"BUI","10-06",2001-10-06,15.0529411764706,13.5352834125785,51.7,NA,121.3,2020-07-10,NA,10,"702FHL8","STE-ANNE-DE-BELLEVUE+1",1994,2026
"BUI","10-07",2001-10-07,14.4058823529412,13.6728504063818,49.5,NA,121.3,2020-07-10,NA,10,"702FHL8","STE-ANNE-DE-BELLEVUE+1",1994,2026
"BUI","10-08",2001-10-08,12.1176470588235,9.29961257890064,35.7,NA,121.3,2020-07-10,NA,10,"702FHL8","STE-ANNE-DE-BELLEVUE+1",1994,2026
"BUI","10-09",2001-10-09,10.60625,6.16414024824225,22.5,NA,121.3,2020-07-10,NA,10,"702FHL8","STE-ANNE-DE-BELLEVUE+1",1994,2026
"BUI","10-10",2001-10-10,10.9058823529412,6.62433681475317,23.5,NA,121.3,2020-07-10,NA,10,"702FHL8","STE-ANNE-DE-BELLEVUE+1",1994,2026
"BUI","10-11",2001-10-11,11.6117647058824,7.10957825339707,24.8,NA,121.3,2020-07-10,NA,10,"702FHL8","STE-ANNE-DE-BELLEVUE+1",1994,2026
"BUI","10-12",2001-10-12,13.2176470588235,7.25191658236959,25.9,NA,121.3,2020-07-10,NA,10,"702FHL8","STE-ANNE-DE-BELLEVUE+1",1994,2026
"BUI","10-13",2001-10-13,13.3411764705882,7.22297193192745,27.2,NA,121.3,2020-07-10,NA,10,"702FHL8","STE-ANNE-DE-BELLEVUE+1",1994,2026
"BUI","10-14",2001-10-14,11.6941176470588,7.64791397933411,25.3,NA,121.3,2020-07-10,NA,10,"702FHL8","STE-ANNE-DE-BELLEVUE+1",1994,2026
"BUI","10-15",2001-10-15,11.4470588235294,8.22223491873247,26.3,NA,121.3,2020-07-10,NA,10,"702FHL8","STE-ANNE-DE-BELLEVUE+1",1994,2026
"BUI","10-16",2001-10-16,10.2470588235294,8.81781702343746,27.3,NA,121.3,2020-07-10,NA,10,"702FHL8","STE-ANNE-DE-BELLEVUE+1",1994,2026
"BUI","10-17",2001-10-17,8.88823529411765,7.98192351135843,28.2,NA,121.3,2020-07-10,NA,10,"702FHL8","STE-ANNE-DE-BELLEVUE+1",1994,2026
"BUI","10-18",2001-10-18,8.95294117647059,8.30429991382919,28.9,NA,121.3,2020-07-10,NA,10,"702FHL8","STE-ANNE-DE-BELLEVUE+1",1994,2026
"BUI","10-19",2001-10-19,9.46470588235294,8.11918570243274,29.8,NA,121.3,2020-07-10,NA,10,"702FHL8","STE-ANNE-DE-BELLEVUE+1",1994,2026
"BUI","10-20",2001-10-20,8.27058823529411,7.26556645295829,30.6,NA,121.3,2020-07-10,NA,10,"702FHL8","STE-ANNE-DE-BELLEVUE+1",1994,2026
"BUI","10-21",2001-10-21,7.63529411764706,7.80344004081458,31.1,NA,121.3,2020-07-10,NA,10,"702FHL8","STE-ANNE-DE-BELLEVUE+1",1994,2026
"BUI","10-22",2001-10-22,6.54375,5.41589866350298,29.9,NA,121.3,2020-07-10,NA,10,"702FHL8","STE-ANNE-DE-BELLEVUE+1",1994,2026
"BUI","10-23",2001-10-23,7.67058823529412,6.84313202286445,32.6,NA,121.3,2020-07-10,NA,10,"702FHL8","STE-ANNE-DE-BELLEVUE+1",1994,2026
"BUI","10-24",2001-10-24,8.1235294117647,7.10620586281497,33.5,NA,121.3,2020-07-10,NA,10,"702FHL8","STE-ANNE-DE-BELLEVUE+1",1994,2026
"BUI","10-25",2001-10-25,7.93529411764706,6.93649237515534,32.4,NA,121.3,2020-07-10,NA,10,"702FHL8","STE-ANNE-DE-BELLEVUE+1",1994,2026
"BUI","10-26",2001-10-26,8.23529411764706,7.35653970767427,25.5,NA,121.3,2020-07-10,NA,10,"702FHL8","STE-ANNE-DE-BELLEVUE+1",1994,2026
"BUI","10-27",2001-10-27,7.89333333333333,6.47296208047275,26.1,NA,121.3,2020-07-10,NA,10,"702FHL8","STE-ANNE-DE-BELLEVUE+1",1994,2026
"BUI","10-28",2001-10-28,7.06428571428572,5.90131760292136,22.1,NA,121.3,2020-07-10,NA,10,"702FHL8","STE-ANNE-DE-BELLEVUE+1",1994,2026
"BUI","10-29",2001-10-29,6.96875,5.86432363249733,24.2,NA,121.3,2020-07-10,NA,10,"702FHL8","STE-ANNE-DE-BELLEVUE+1",1994,2026
"BUI","10-30",2001-10-30,6.71764705882353,6.39631097724673,25.9,NA,121.3,2020-07-10,NA,10,"702FHL8","STE-ANNE-DE-BELLEVUE+1",1994,2026
"BUI","10-31",2001-10-31,6.83125,6.08327968012869,23.2,NA,121.3,2020-07-10,NA,10,"702FHL8","STE-ANNE-DE-BELLEVUE+1",1994,2026
"DC","04-01",2001-04-01,10.35,11.2429978208661,18.9,NA,417.9,2021-09-05,NA,4,"702FHL8","STE-ANNE-DE-BELLEVUE+1",1994,2026
"DC","04-02",2001-04-02,11.1,9.33380951166243,21.2,NA,417.9,2021-09-05,NA,4,"702FHL8","STE-ANNE-DE-BELLEVUE+1",1994,2026
"DC","04-03",2001-04-03,12.3666666666667,9.13911009526274,23.8,NA,417.9,2021-09-05,NA,4,"702FHL8","STE-ANNE-DE-BELLEVUE+1",1994,2026
"DC","04-04",2001-04-04,14.2,8.72754260946344,23.7,NA,417.9,2021-09-05,NA,4,"702FHL8","STE-ANNE-DE-BELLEVUE+1",1994,2026
"DC","04-05",2001-04-05,16.9666666666667,8.46896294320227,26.4,NA,417.9,2021-09-05,NA,4,"702FHL8","STE-ANNE-DE-BELLEVUE+1",1994,2026
"DC","04-06",2001-04-06,19.7333333333333,8.14022931699921,29.6,NA,417.9,2021-09-05,NA,4,"702FHL8","STE-ANNE-DE-BELLEVUE+1",1994,2026
"DC","04-07",2001-04-07,17.7333333333333,9.50017543697659,28.6,NA,417.9,2021-09-05,NA,4,"702FHL8","STE-ANNE-DE-BELLEVUE+1",1994,2026
"DC","04-08",2001-04-08,20.1,9.81478476585198,31.3,NA,417.9,2021-09-05,NA,4,"702FHL8","STE-ANNE-DE-BELLEVUE+1",1994,2026
"DC","04-09",2001-04-09,20.1,12.3405834546021,33.6,NA,417.9,2021-09-05,NA,4,"702FHL8","STE-ANNE-DE-BELLEVUE+1",1994,2026
"DC","04-10",2001-04-10,16.85,13.5051841897843,36,NA,417.9,2021-09-05,NA,4,"702FHL8","STE-ANNE-DE-BELLEVUE+1",1994,2026
"DC","04-11",2001-04-11,17.4,10.969958978957,38.6,15,417.9,2021-09-05,NA,4,"702FHL8","STE-ANNE-DE-BELLEVUE+1",1994,2026
"DC","04-12",2001-04-12,18.25,9.69108574191472,41.4,17.3,417.9,2021-09-05,NA,4,"702FHL8","STE-ANNE-DE-BELLEVUE+1",1994,2026
"DC","04-13",2001-04-13,20.5888888888889,11.4779619755038,44.9,3.3,417.9,2021-09-05,NA,4,"702FHL8","STE-ANNE-DE-BELLEVUE+1",1994,2026
"DC","04-14",2001-04-14,19.2333333333333,13.9760509443834,48.6,2.2,417.9,2021-09-05,NA,4,"702FHL8","STE-ANNE-DE-BELLEVUE+1",1994,2026
"DC","04-15",2001-04-15,21.1111111111111,15.8067583998463,52.9,2.6,417.9,2021-09-05,NA,4,"702FHL8","STE-ANNE-DE-BELLEVUE+1",1994,2026
"DC","04-16",2001-04-16,17.5555555555556,18.7082943577916,58.3,5.5,417.9,2021-09-05,NA,4,"702FHL8","STE-ANNE-DE-BELLEVUE+1",1994,2026
"DC","04-17",2001-04-17,15.8666666666667,20.2325851042322,61.3,3.7,417.9,2021-09-05,NA,4,"702FHL8","STE-ANNE-DE-BELLEVUE+1",1994,2026
"DC","04-18",2001-04-18,18.0666666666667,20.3292277275847,63.6,8.5,417.9,2021-09-05,NA,4,"702FHL8","STE-ANNE-DE-BELLEVUE+1",1994,2026
"DC","04-19",2001-04-19,20.7555555555556,20.9320395035404,67.8,6,417.9,2021-09-05,NA,4,"702FHL8","STE-ANNE-DE-BELLEVUE+1",1994,2026
"DC","04-20",2001-04-20,18.8222222222222,21.9381960161825,70.1,7.4,417.9,2021-09-05,NA,4,"702FHL8","STE-ANNE-DE-BELLEVUE+1",1994,2026
"DC","04-21",2001-04-21,18.15,19.8581777165535,64.8,9.6,417.9,2021-09-05,NA,4,"702FHL8","STE-ANNE-DE-BELLEVUE+1",1994,2026
"DC","04-22",2001-04-22,17.12,14.4065417239685,44.6,13,417.9,2021-09-05,NA,4,"702FHL8","STE-ANNE-DE-BELLEVUE+1",1994,2026
"DC","04-23",2001-04-23,14.65,14.1307584132393,49,16.2,417.9,2021-09-05,NA,4,"702FHL8","STE-ANNE-DE-BELLEVUE+1",1994,2026
"DC","04-24",2001-04-24,16.12,15.0179744158643,52.7,19,417.9,2021-09-05,NA,4,"702FHL8","STE-ANNE-DE-BELLEVUE+1",1994,2026
"DC","04-25",2001-04-25,18.63,15.0960664486555,54.5,22,417.9,2021-09-05,NA,4,"702FHL8","STE-ANNE-DE-BELLEVUE+1",1994,2026
"DC","04-26",2001-04-26,17.7181818181818,16.2278044221526,56.9,25.8,417.9,2021-09-05,NA,4,"702FHL8","STE-ANNE-DE-BELLEVUE+1",1994,2026
"DC","04-27",2001-04-27,16.2272727272727,17.0987187186111,58.9,30.4,417.9,2021-09-05,NA,4,"702FHL8","STE-ANNE-DE-BELLEVUE+1",1994,2026
"DC","04-28",2001-04-28,14.7,17.1567108523961,62.3,NA,417.9,2021-09-05,NA,4,"702FHL8","STE-ANNE-DE-BELLEVUE+1",1994,2026
"DC","04-29",2001-04-29,21.0153846153846,21.5335724762461,66.5,NA,417.9,2021-09-05,NA,4,"702FHL8","STE-ANNE-DE-BELLEVUE+1",1994,2026
"DC","04-30",2001-04-30,22.8307692307692,21.8512922812124,71.3,NA,417.9,2021-09-05,NA,4,"702FHL8","STE-ANNE-DE-BELLEVUE+1",1994,2026
"DC","05-01",2001-05-01,24.6846153846154,24.3503540752438,77.9,NA,417.9,2021-09-05,NA,5,"702FHL8","STE-ANNE-DE-BELLEVUE+1",1994,2026
"DC","05-02",2001-05-02,28.5285714285714,24.5648726239923,82.9,NA,417.9,2021-09-05,NA,5,"702FHL8","STE-ANNE-DE-BELLEVUE+1",1994,2026
"DC","05-03",2001-05-03,32.6857142857143,26.008219326349,88.1,NA,417.9,2021-09-05,NA,5,"702FHL8","STE-ANNE-DE-BELLEVUE+1",1994,2026
"DC","05-04",2001-05-04,32.6733333333333,27.646220787108,91.2,NA,417.9,2021-09-05,NA,5,"702FHL8","STE-ANNE-DE-BELLEVUE+1",1994,2026
"DC","05-05",2001-05-05,35.56,29.6607677388355,97.9,NA,417.9,2021-09-05,NA,5,"702FHL8","STE-ANNE-DE-BELLEVUE+1",1994,2026
"DC","05-06",2001-05-06,37.88125,29.436897906086,104.8,NA,417.9,2021-09-05,NA,5,"702FHL8","STE-ANNE-DE-BELLEVUE+1",1994,2026
"DC","05-07",2001-05-07,41.7352941176471,30.0215118951493,111.6,NA,417.9,2021-09-05,NA,5,"702FHL8","STE-ANNE-DE-BELLEVUE+1",1994,2026
"DC","05-08",2001-05-08,44.1470588235294,29.5840775935101,107.6,NA,417.9,2021-09-05,NA,5,"702FHL8","STE-ANNE-DE-BELLEVUE+1",1994,2026
"DC","05-09",2001-05-09,47.9176470588235,30.4675285200104,112.8,NA,417.9,2021-09-05,NA,5,"702FHL8","STE-ANNE-DE-BELLEVUE+1",1994,2026
"DC","05-10",2001-05-10,48.3294117647059,33.9286708534589,117,NA,417.9,2021-09-05,NA,5,"702FHL8","STE-ANNE-DE-BELLEVUE+1",1994,2026
"DC","05-11",2001-05-11,48.1764705882353,33.4231680390221,121.7,NA,417.9,2021-09-05,NA,5,"702FHL8","STE-ANNE-DE-BELLEVUE+1",1994,2026
"DC","05-12",2001-05-12,51.9647058823529,33.9008838597254,126.3,NA,417.9,2021-09-05,NA,5,"702FHL8","STE-ANNE-DE-BELLEVUE+1",1994,2026
"DC","05-13",2001-05-13,57.25,32.2380727298226,130.8,NA,417.9,2021-09-05,NA,5,"702FHL8","STE-ANNE-DE-BELLEVUE+1",1994,2026
"DC","05-14",2001-05-14,57.0235294117647,35.2340838076529,136.4,NA,417.9,2021-09-05,NA,5,"702FHL8","STE-ANNE-DE-BELLEVUE+1",1994,2026
"DC","05-15",2001-05-15,59.4117647058823,38.1804086272158,142.8,NA,417.9,2021-09-05,NA,5,"702FHL8","STE-ANNE-DE-BELLEVUE+1",1994,2026
"DC","05-16",2001-05-16,58.3529411764706,40.124885009914,149.4,NA,417.9,2021-09-05,NA,5,"702FHL8","STE-ANNE-DE-BELLEVUE+1",1994,2026
"DC","05-17",2001-05-17,58.864705882353,44.7130146206962,156.1,NA,417.9,2021-09-05,NA,5,"702FHL8","STE-ANNE-DE-BELLEVUE+1",1994,2026
"DC","05-18",2001-05-18,63.3882352941176,46.3995000290001,163,NA,417.9,2021-09-05,NA,5,"702FHL8","STE-ANNE-DE-BELLEVUE+1",1994,2026
"DC","05-19",2001-05-19,67.1,44.1178251957188,144.2,NA,417.9,2021-09-05,NA,5,"702FHL8","STE-ANNE-DE-BELLEVUE+1",1994,2026
"DC","05-20",2001-05-20,69.0882352941176,42.4745200436824,148.6,NA,417.9,2021-09-05,NA,5,"702FHL8","STE-ANNE-DE-BELLEVUE+1",1994,2026
"DC","05-21",2001-05-21,74.9411764705882,42.3413222931147,154,NA,417.9,2021-09-05,NA,5,"702FHL8","STE-ANNE-DE-BELLEVUE+1",1994,2026
"DC","05-22",2001-05-22,76.5352941176471,42.2164503063745,159.9,NA,417.9,2021-09-05,NA,5,"702FHL8","STE-ANNE-DE-BELLEVUE+1",1994,2026
"DC","05-23",2001-05-23,81.3411764705883,41.6216599083868,165.8,NA,417.9,2021-09-05,NA,5,"702FHL8","STE-ANNE-DE-BELLEVUE+1",1994,2026
"DC","05-24",2001-05-24,82.4176470588235,40.6383168219065,152.2,NA,417.9,2021-09-05,NA,5,"702FHL8","STE-ANNE-DE-BELLEVUE+1",1994,2026
"DC","05-25",2001-05-25,88.2705882352941,40.8694685050143,159.1,NA,417.9,2021-09-05,NA,5,"702FHL8","STE-ANNE-DE-BELLEVUE+1",1994,2026
"DC","05-26",2001-05-26,81.4235294117647,43.2409171013371,164.4,NA,417.9,2021-09-05,NA,5,"702FHL8","STE-ANNE-DE-BELLEVUE+1",1994,2026
"DC","05-27",2001-05-27,85.7529411764706,45.2037625321037,170.2,NA,417.9,2021-09-05,NA,5,"702FHL8","STE-ANNE-DE-BELLEVUE+1",1994,2026
"DC","05-28",2001-05-28,89.064705882353,46.7763821438831,177.6,NA,417.9,2021-09-05,NA,5,"702FHL8","STE-ANNE-DE-BELLEVUE+1",1994,2026
"DC","05-29",2001-05-29,89.9411764705882,48.7597946419938,172.2,NA,417.9,2021-09-05,NA,5,"702FHL8","STE-ANNE-DE-BELLEVUE+1",1994,2026
"DC","05-30",2001-05-30,90.364705882353,50.7364013945667,177.7,NA,417.9,2021-09-05,NA,5,"702FHL8","STE-ANNE-DE-BELLEVUE+1",1994,2026
"DC","05-31",2001-05-31,91.3529411764706,46.5177535684906,176.3,NA,417.9,2021-09-05,NA,5,"702FHL8","STE-ANNE-DE-BELLEVUE+1",1994,2026
"DC","06-01",2001-06-01,96.9,44.2058678231748,183.4,NA,417.9,2021-09-05,NA,6,"702FHL8","STE-ANNE-DE-BELLEVUE+1",1994,2026
"DC","06-02",2001-06-02,93.364705882353,42.1929635895677,188.4,NA,417.9,2021-09-05,NA,6,"702FHL8","STE-ANNE-DE-BELLEVUE+1",1994,2026
"DC","06-03",2001-06-03,90.0294117647059,46.4234822679466,183,NA,417.9,2021-09-05,NA,6,"702FHL8","STE-ANNE-DE-BELLEVUE+1",1994,2026
"DC","06-04",2001-06-04,87.635294117647,48.7616260646688,180.4,NA,417.9,2021-09-05,NA,6,"702FHL8","STE-ANNE-DE-BELLEVUE+1",1994,2026
"DC","06-05",2001-06-05,92.4647058823529,47.7866736284352,187.8,NA,417.9,2021-09-05,NA,6,"702FHL8","STE-ANNE-DE-BELLEVUE+1",1994,2026
"DC","06-06",2001-06-06,85.5764705882353,47.7005310427956,187.8,NA,417.9,2021-09-05,NA,6,"702FHL8","STE-ANNE-DE-BELLEVUE+1",1994,2026
"DC","06-07",2001-06-07,87.5823529411765,48.5025931690013,194.9,NA,417.9,2021-09-05,NA,6,"702FHL8","STE-ANNE-DE-BELLEVUE+1",1994,2026
"DC","06-08",2001-06-08,90.6823529411764,49.29159709441,201.8,NA,417.9,2021-09-05,NA,6,"702FHL8","STE-ANNE-DE-BELLEVUE+1",1994,2026
"DC","06-09",2001-06-09,95.3470588235294,51.0750932163498,208.7,NA,417.9,2021-09-05,NA,6,"702FHL8","STE-ANNE-DE-BELLEVUE+1",1994,2026
"DC","06-10",2001-06-10,101.882352941176,51.8617541558097,216.3,NA,417.9,2021-09-05,NA,6,"702FHL8","STE-ANNE-DE-BELLEVUE+1",1994,2026
"DC","06-11",2001-06-11,103.405882352941,56.004703715271,224.4,NA,417.9,2021-09-05,NA,6,"702FHL8","STE-ANNE-DE-BELLEVUE+1",1994,2026
"DC","06-12",2001-06-12,100.823529411765,62.7107798688926,231.4,NA,417.9,2021-09-05,NA,6,"702FHL8","STE-ANNE-DE-BELLEVUE+1",1994,2026
"DC","06-13",2001-06-13,100.8,67.7410326168711,237.1,NA,417.9,2021-09-05,NA,6,"702FHL8","STE-ANNE-DE-BELLEVUE+1",1994,2026
"DC","06-14",2001-06-14,104.858823529412,67.0171438777378,243.8,NA,417.9,2021-09-05,NA,6,"702FHL8","STE-ANNE-DE-BELLEVUE+1",1994,2026
"DC","06-15",2001-06-15,109.135294117647,64.4021538962059,251.1,NA,417.9,2021-09-05,NA,6,"702FHL8","STE-ANNE-DE-BELLEVUE+1",1994,2026
"DC","06-16",2001-06-16,109.423529411765,64.2137595205631,259.1,NA,417.9,2021-09-05,NA,6,"702FHL8","STE-ANNE-DE-BELLEVUE+1",1994,2026
"DC","06-17",2001-06-17,109.564705882353,68.6332275685079,267.5,NA,417.9,2021-09-05,NA,6,"702FHL8","STE-ANNE-DE-BELLEVUE+1",1994,2026
"DC","06-18",2001-06-18,114.470588235294,70.965746708411,276.3,NA,417.9,2021-09-05,NA,6,"702FHL8","STE-ANNE-DE-BELLEVUE+1",1994,2026
"DC","06-19",2001-06-19,121.5,71.8546623400319,285.1,NA,417.9,2021-09-05,NA,6,"702FHL8","STE-ANNE-DE-BELLEVUE+1",1994,2026
"DC","06-20",2001-06-20,120.376470588235,70.8766404520185,294,NA,417.9,2021-09-05,NA,6,"702FHL8","STE-ANNE-DE-BELLEVUE+1",1994,2026
"DC","06-21",2001-06-21,125.870588235294,72.0884765817835,302.8,NA,417.9,2021-09-05,NA,6,"702FHL8","STE-ANNE-DE-BELLEVUE+1",1994,2026
"DC","06-22",2001-06-22,131.705882352941,74.4416673526009,311.9,NA,417.9,2021-09-05,NA,6,"702FHL8","STE-ANNE-DE-BELLEVUE+1",1994,2026
"DC","06-23",2001-06-23,136.9,75.9845132247355,319.9,NA,417.9,2021-09-05,NA,6,"702FHL8","STE-ANNE-DE-BELLEVUE+1",1994,2026
"DC","06-24",2001-06-24,136.605882352941,67.8578889167302,263.8,NA,417.9,2021-09-05,NA,6,"702FHL8","STE-ANNE-DE-BELLEVUE+1",1994,2026
"DC","06-25",2001-06-25,130.094117647059,73.0871095901,270.9,NA,417.9,2021-09-05,NA,6,"702FHL8","STE-ANNE-DE-BELLEVUE+1",1994,2026
"DC","06-26",2001-06-26,132.917647058824,74.0099844218174,278.8,NA,417.9,2021-09-05,NA,6,"702FHL8","STE-ANNE-DE-BELLEVUE+1",1994,2026
"DC","06-27",2001-06-27,134.735294117647,77.3743977454467,286,NA,417.9,2021-09-05,NA,6,"702FHL8","STE-ANNE-DE-BELLEVUE+1",1994,2026
"DC","06-28",2001-06-28,135.976470588235,78.8172453322539,293.9,NA,417.9,2021-09-05,NA,6,"702FHL8","STE-ANNE-DE-BELLEVUE+1",1994,2026
"DC","06-29",2001-06-29,136.776470588235,83.0416050047487,301.2,NA,417.9,2021-09-05,NA,6,"702FHL8","STE-ANNE-DE-BELLEVUE+1",1994,2026
"DC","06-30",2001-06-30,140.488235294118,83.252806877253,308.4,NA,417.9,2021-09-05,NA,6,"702FHL8","STE-ANNE-DE-BELLEVUE+1",1994,2026
"DC","07-01",2001-07-01,144.076470588235,82.4535591212696,317,NA,417.9,2021-09-05,NA,7,"702FHL8","STE-ANNE-DE-BELLEVUE+1",1994,2026
"DC","07-02",2001-07-02,148.211764705882,84.2323563302201,325.6,NA,417.9,2021-09-05,NA,7,"702FHL8","STE-ANNE-DE-BELLEVUE+1",1994,2026
"DC","07-03",2001-07-03,149.935294117647,87.4246814490656,334.3,NA,417.9,2021-09-05,NA,7,"702FHL8","STE-ANNE-DE-BELLEVUE+1",1994,2026
"DC","07-04",2001-07-04,152.005882352941,86.8537453897948,343.1,NA,417.9,2021-09-05,NA,7,"702FHL8","STE-ANNE-DE-BELLEVUE+1",1994,2026
"DC","07-05",2001-07-05,158.052941176471,85.7831431404727,351.7,NA,417.9,2021-09-05,NA,7,"702FHL8","STE-ANNE-DE-BELLEVUE+1",1994,2026
"DC","07-06",2001-07-06,164.505882352941,85.0069296483251,360.4,NA,417.9,2021-09-05,NA,7,"702FHL8","STE-ANNE-DE-BELLEVUE+1",1994,2026
"DC","07-07",2001-07-07,169.7,86.1667786910942,369.5,NA,417.9,2021-09-05,NA,7,"702FHL8","STE-ANNE-DE-BELLEVUE+1",1994,2026
"DC","07-08",2001-07-08,172.970588235294,90.2749049065262,378.5,NA,417.9,2021-09-05,NA,7,"702FHL8","STE-ANNE-DE-BELLEVUE+1",1994,2026
"DC","07-09",2001-07-09,173.341176470588,90.3655704542909,387.9,NA,417.9,2021-09-05,NA,7,"702FHL8","STE-ANNE-DE-BELLEVUE+1",1994,2026
"DC","07-10",2001-07-10,175.888235294118,93.005899559873,397.6,NA,417.9,2021-09-05,NA,7,"702FHL8","STE-ANNE-DE-BELLEVUE+1",1994,2026
"DC","07-11",2001-07-11,180.188235294118,86.4235708758969,359.3,NA,417.9,2021-09-05,NA,7,"702FHL8","STE-ANNE-DE-BELLEVUE+1",1994,2026
"DC","07-12",2001-07-12,180.794117647059,81.6323348204331,310,NA,417.9,2021-09-05,NA,7,"702FHL8","STE-ANNE-DE-BELLEVUE+1",1994,2026
"DC","07-13",2001-07-13,182.829411764706,88.5357114721645,318.3,NA,417.9,2021-09-05,NA,7,"702FHL8","STE-ANNE-DE-BELLEVUE+1",1994,2026
"DC","07-14",2001-07-14,185.064705882353,91.9563275499331,326.1,NA,417.9,2021-09-05,NA,7,"702FHL8","STE-ANNE-DE-BELLEVUE+1",1994,2026
"DC","07-15",2001-07-15,187.117647058823,90.9567564511711,334.1,NA,417.9,2021-09-05,NA,7,"702FHL8","STE-ANNE-DE-BELLEVUE+1",1994,2026
"DC","07-16",2001-07-16,191.547058823529,89.4054606668901,342.8,NA,417.9,2021-09-05,NA,7,"702FHL8","STE-ANNE-DE-BELLEVUE+1",1994,2026
"DC","07-17",2001-07-17,182.388235294118,70.6018668516717,305.3,NA,417.9,2021-09-05,NA,7,"702FHL8","STE-ANNE-DE-BELLEVUE+1",1994,2026
"DC","07-18",2001-07-18,182.594117647059,71.4829129109558,307.1,NA,417.9,2021-09-05,NA,7,"702FHL8","STE-ANNE-DE-BELLEVUE+1",1994,2026
"DC","07-19",2001-07-19,180.488235294118,77.2937245379027,293.5,NA,417.9,2021-09-05,NA,7,"702FHL8","STE-ANNE-DE-BELLEVUE+1",1994,2026
"DC","07-20",2001-07-20,179.6,81.7327351799755,292.9,NA,417.9,2021-09-05,NA,7,"702FHL8","STE-ANNE-DE-BELLEVUE+1",1994,2026
"DC","07-21",2001-07-21,181.888235294118,85.5035005303361,300.8,NA,417.9,2021-09-05,NA,7,"702FHL8","STE-ANNE-DE-BELLEVUE+1",1994,2026
"DC","07-22",2001-07-22,186.870588235294,87.764676583933,309,NA,417.9,2021-09-05,NA,7,"702FHL8","STE-ANNE-DE-BELLEVUE+1",1994,2026
"DC","07-23",2001-07-23,187.282352941176,88.7037360775613,316.9,NA,417.9,2021-09-05,NA,7,"702FHL8","STE-ANNE-DE-BELLEVUE+1",1994,2026
"DC","07-24",2001-07-24,186.235294117647,86.4325310659742,325.5,NA,417.9,2021-09-05,NA,7,"702FHL8","STE-ANNE-DE-BELLEVUE+1",1994,2026
"DC","07-25",2001-07-25,190.958823529412,89.3150327410196,334.4,NA,417.9,2021-09-05,NA,7,"702FHL8","STE-ANNE-DE-BELLEVUE+1",1994,2026
"DC","07-26",2001-07-26,195.352941176471,86.714474841625,343.5,NA,417.9,2021-09-05,NA,7,"702FHL8","STE-ANNE-DE-BELLEVUE+1",1994,2026
"DC","07-27",2001-07-27,198.241176470588,83.6001574372286,339.2,NA,417.9,2021-09-05,NA,7,"702FHL8","STE-ANNE-DE-BELLEVUE+1",1994,2026
"DC","07-28",2001-07-28,201.558823529412,87.5380278709168,347.9,NA,417.9,2021-09-05,NA,7,"702FHL8","STE-ANNE-DE-BELLEVUE+1",1994,2026
"DC","07-29",2001-07-29,200.588235294118,88.3402858436692,356.4,NA,417.9,2021-09-05,NA,7,"702FHL8","STE-ANNE-DE-BELLEVUE+1",1994,2026
"DC","07-30",2001-07-30,191.811764705882,74.8501576681117,305.4,NA,417.9,2021-09-05,NA,7,"702FHL8","STE-ANNE-DE-BELLEVUE+1",1994,2026
"DC","07-31",2001-07-31,197.564705882353,76.9989199695073,313.9,NA,417.9,2021-09-05,NA,7,"702FHL8","STE-ANNE-DE-BELLEVUE+1",1994,2026
"DC","08-01",2001-08-01,200.323529411765,78.8541892467655,322,NA,417.9,2021-09-05,NA,8,"702FHL8","STE-ANNE-DE-BELLEVUE+1",1994,2026
"DC","08-02",2001-08-02,199.770588235294,83.120934221665,327.6,NA,417.9,2021-09-05,NA,8,"702FHL8","STE-ANNE-DE-BELLEVUE+1",1994,2026
"DC","08-03",2001-08-03,196.035294117647,87.336876097503,335.6,NA,417.9,2021-09-05,NA,8,"702FHL8","STE-ANNE-DE-BELLEVUE+1",1994,2026
"DC","08-04",2001-08-04,183.517647058824,99.4703048357531,343.9,NA,417.9,2021-09-05,NA,8,"702FHL8","STE-ANNE-DE-BELLEVUE+1",1994,2026
"DC","08-05",2001-08-05,179.582352941176,107.546398331686,352.6,NA,417.9,2021-09-05,NA,8,"702FHL8","STE-ANNE-DE-BELLEVUE+1",1994,2026
"DC","08-06",2001-08-06,179.935294117647,110.768271298556,360.5,NA,417.9,2021-09-05,NA,8,"702FHL8","STE-ANNE-DE-BELLEVUE+1",1994,2026
"DC","08-07",2001-08-07,177.270588235294,101.045675097366,368.1,NA,417.9,2021-09-05,NA,8,"702FHL8","STE-ANNE-DE-BELLEVUE+1",1994,2026
"DC","08-08",2001-08-08,180.482352941176,97.2874878600411,375.9,NA,417.9,2021-09-05,NA,8,"702FHL8","STE-ANNE-DE-BELLEVUE+1",1994,2026
"DC","08-09",2001-08-09,185.688235294118,99.5038245643914,383.6,NA,417.9,2021-09-05,NA,8,"702FHL8","STE-ANNE-DE-BELLEVUE+1",1994,2026
"DC","08-10",2001-08-10,182.258823529412,96.4236878237366,391.8,NA,417.9,2021-09-05,NA,8,"702FHL8","STE-ANNE-DE-BELLEVUE+1",1994,2026
"DC","08-11",2001-08-11,184.158823529412,97.7647371168634,400.1,NA,417.9,2021-09-05,NA,8,"702FHL8","STE-ANNE-DE-BELLEVUE+1",1994,2026
"DC","08-12",2001-08-12,182.576470588235,96.3321826378117,377.6,NA,417.9,2021-09-05,NA,8,"702FHL8","STE-ANNE-DE-BELLEVUE+1",1994,2026
"DC","08-13",2001-08-13,176.670588235294,92.0679284869729,347.1,NA,417.9,2021-09-05,NA,8,"702FHL8","STE-ANNE-DE-BELLEVUE+1",1994,2026
"DC","08-14",2001-08-14,171.917647058824,82.0218205364746,324,NA,417.9,2021-09-05,NA,8,"702FHL8","STE-ANNE-DE-BELLEVUE+1",1994,2026
"DC","08-15",2001-08-15,171.864705882353,83.0342470097164,319.7,NA,417.9,2021-09-05,NA,8,"702FHL8","STE-ANNE-DE-BELLEVUE+1",1994,2026
"DC","08-16",2001-08-16,172.205882352941,88.6164732893117,326.7,NA,417.9,2021-09-05,NA,8,"702FHL8","STE-ANNE-DE-BELLEVUE+1",1994,2026
"DC","08-17",2001-08-17,167.023529411765,92.3222246361336,333.7,NA,417.9,2021-09-05,NA,8,"702FHL8","STE-ANNE-DE-BELLEVUE+1",1994,2026
"DC","08-18",2001-08-18,171.476470588235,92.9917841089454,339.8,NA,417.9,2021-09-05,NA,8,"702FHL8","STE-ANNE-DE-BELLEVUE+1",1994,2026
"DC","08-19",2001-08-19,178.364705882353,93.1013758033177,346.2,NA,417.9,2021-09-05,NA,8,"702FHL8","STE-ANNE-DE-BELLEVUE+1",1994,2026
"DC","08-20",2001-08-20,185.276470588235,92.6075491618513,353.1,NA,417.9,2021-09-05,NA,8,"702FHL8","STE-ANNE-DE-BELLEVUE+1",1994,2026
"DC","08-21",2001-08-21,185.9,96.1096053992524,360,NA,417.9,2021-09-05,NA,8,"702FHL8","STE-ANNE-DE-BELLEVUE+1",1994,2026
"DC","08-22",2001-08-22,186.141176470588,100.353425818601,366.8,NA,417.9,2021-09-05,NA,8,"702FHL8","STE-ANNE-DE-BELLEVUE+1",1994,2026
"DC","08-23",2001-08-23,186.270588235294,102.434593550628,373.6,NA,417.9,2021-09-05,NA,8,"702FHL8","STE-ANNE-DE-BELLEVUE+1",1994,2026
"DC","08-24",2001-08-24,189.788235294118,99.8585742585041,361,NA,417.9,2021-09-05,NA,8,"702FHL8","STE-ANNE-DE-BELLEVUE+1",1994,2026
"DC","08-25",2001-08-25,190.041176470588,92.7252936017428,369.5,NA,417.9,2021-09-05,NA,8,"702FHL8","STE-ANNE-DE-BELLEVUE+1",1994,2026
"DC","08-26",2001-08-26,195.888235294118,92.9836200787062,377.8,NA,417.9,2021-09-05,NA,8,"702FHL8","STE-ANNE-DE-BELLEVUE+1",1994,2026
"DC","08-27",2001-08-27,200.529411764706,96.7490294828964,384.9,NA,417.9,2021-09-05,NA,8,"702FHL8","STE-ANNE-DE-BELLEVUE+1",1994,2026
"DC","08-28",2001-08-28,206.876470588235,96.9154304626704,391.2,NA,417.9,2021-09-05,NA,8,"702FHL8","STE-ANNE-DE-BELLEVUE+1",1994,2026
"DC","08-29",2001-08-29,205.417647058823,92.8556018456487,397.8,NA,417.9,2021-09-05,NA,8,"702FHL8","STE-ANNE-DE-BELLEVUE+1",1994,2026
"DC","08-30",2001-08-30,209.705882352941,92.9348728316518,383.1,NA,417.9,2021-09-05,NA,8,"702FHL8","STE-ANNE-DE-BELLEVUE+1",1994,2026
"DC","08-31",2001-08-31,211.1,95.1768091501286,390.4,NA,417.9,2021-09-05,NA,8,"702FHL8","STE-ANNE-DE-BELLEVUE+1",1994,2026
"DC","09-01",2001-09-01,216.447058823529,95.4032567424133,396.1,NA,417.9,2021-09-05,NA,9,"702FHL8","STE-ANNE-DE-BELLEVUE+1",1994,2026
"DC","09-02",2001-09-02,216.564705882353,91.51848133831,401.1,NA,417.9,2021-09-05,NA,9,"702FHL8","STE-ANNE-DE-BELLEVUE+1",1994,2026
"DC","09-03",2001-09-03,215.764705882353,89.7298580544436,406.4,NA,417.9,2021-09-05,NA,9,"702FHL8","STE-ANNE-DE-BELLEVUE+1",1994,2026
"DC","09-04",2001-09-04,214.958823529412,89.5530084560503,412.2,NA,417.9,2021-09-05,NA,9,"702FHL8","STE-ANNE-DE-BELLEVUE+1",1994,2026
"DC","09-05",2001-09-05,217.511764705882,86.5697903598084,417.9,NA,417.9,2021-09-05,NA,9,"702FHL8","STE-ANNE-DE-BELLEVUE+1",1994,2026
"DC","09-06",2001-09-06,219.764705882353,87.4822906448533,381.9,NA,417.9,2021-09-05,NA,9,"702FHL8","STE-ANNE-DE-BELLEVUE+1",1994,2026
"DC","09-07",2001-09-07,212.329411764706,81.3639644184227,377.4,NA,417.9,2021-09-05,NA,9,"702FHL8","STE-ANNE-DE-BELLEVUE+1",1994,2026
"DC","09-08",2001-09-08,201.947058823529,74.150363431738,353,NA,417.9,2021-09-05,NA,9,"702FHL8","STE-ANNE-DE-BELLEVUE+1",1994,2026
"DC","09-09",2001-09-09,204.282352941176,73.1894992066324,357.5,NA,417.9,2021-09-05,NA,9,"702FHL8","STE-ANNE-DE-BELLEVUE+1",1994,2026
"DC","09-10",2001-09-10,208.482352941176,73.254583775472,362.3,NA,417.9,2021-09-05,NA,9,"702FHL8","STE-ANNE-DE-BELLEVUE+1",1994,2026
"DC","09-11",2001-09-11,206.717647058824,66.1684898128833,328.9,NA,417.9,2021-09-05,NA,9,"702FHL8","STE-ANNE-DE-BELLEVUE+1",1994,2026
"DC","09-12",2001-09-12,204.717647058824,65.0965747495031,335.1,NA,417.9,2021-09-05,NA,9,"702FHL8","STE-ANNE-DE-BELLEVUE+1",1994,2026
"DC","09-13",2001-09-13,202.141176470588,68.2471341781427,341.6,NA,417.9,2021-09-05,NA,9,"702FHL8","STE-ANNE-DE-BELLEVUE+1",1994,2026
"DC","09-14",2001-09-14,194.8,73.1872171215712,347.9,NA,417.9,2021-09-05,NA,9,"702FHL8","STE-ANNE-DE-BELLEVUE+1",1994,2026
"DC","09-15",2001-09-15,197.305882352941,69.5225635188699,323.4,NA,417.9,2021-09-05,NA,9,"702FHL8","STE-ANNE-DE-BELLEVUE+1",1994,2026
"DC","09-16",2001-09-16,193.947058823529,67.2689761112716,327.8,NA,417.9,2021-09-05,NA,9,"702FHL8","STE-ANNE-DE-BELLEVUE+1",1994,2026
"DC","09-17",2001-09-17,194.247058823529,70.6051973799296,334,NA,417.9,2021-09-05,NA,9,"702FHL8","STE-ANNE-DE-BELLEVUE+1",1994,2026
"DC","09-18",2001-09-18,196.670588235294,67.5198745250786,340.1,NA,417.9,2021-09-05,NA,9,"702FHL8","STE-ANNE-DE-BELLEVUE+1",1994,2026
"DC","09-19",2001-09-19,198.2,62.8200803883599,344.6,NA,417.9,2021-09-05,NA,9,"702FHL8","STE-ANNE-DE-BELLEVUE+1",1994,2026
"DC","09-20",2001-09-20,198.5,65.2124125454656,349.4,NA,417.9,2021-09-05,NA,9,"702FHL8","STE-ANNE-DE-BELLEVUE+1",1994,2026
"DC","09-21",2001-09-21,202.217647058824,62.4561669822736,346.1,NA,417.9,2021-09-05,NA,9,"702FHL8","STE-ANNE-DE-BELLEVUE+1",1994,2026
"DC","09-22",2001-09-22,196.558823529412,54.4822569606786,352,NA,417.9,2021-09-05,NA,9,"702FHL8","STE-ANNE-DE-BELLEVUE+1",1994,2026
"DC","09-23",2001-09-23,199.917647058824,54.7256022727722,352,NA,417.9,2021-09-05,NA,9,"702FHL8","STE-ANNE-DE-BELLEVUE+1",1994,2026
"DC","09-24",2001-09-24,201.694117647059,56.6441244811436,324.2,NA,417.9,2021-09-05,NA,9,"702FHL8","STE-ANNE-DE-BELLEVUE+1",1994,2026
"DC","09-25",2001-09-25,205.911764705882,56.3164039418461,329.6,NA,417.9,2021-09-05,NA,9,"702FHL8","STE-ANNE-DE-BELLEVUE+1",1994,2026
"DC","09-26",2001-09-26,209.017647058824,55.5091010026072,335.3,NA,417.9,2021-09-05,NA,9,"702FHL8","STE-ANNE-DE-BELLEVUE+1",1994,2026
"DC","09-27",2001-09-27,203.464705882353,46.7440630077295,289.9,NA,417.9,2021-09-05,NA,9,"702FHL8","STE-ANNE-DE-BELLEVUE+1",1994,2026
"DC","09-28",2001-09-28,202.141176470588,46.8322279368536,294.3,NA,417.9,2021-09-05,NA,9,"702FHL8","STE-ANNE-DE-BELLEVUE+1",1994,2026
"DC","09-29",2001-09-29,197.247058823529,60.3582235247097,299,NA,417.9,2021-09-05,NA,9,"702FHL8","STE-ANNE-DE-BELLEVUE+1",1994,2026
"DC","09-30",2001-09-30,184.764705882353,66.4821493069424,303.6,NA,417.9,2021-09-05,NA,9,"702FHL8","STE-ANNE-DE-BELLEVUE+1",1994,2026
"DC","10-01",2001-10-01,174.170588235294,70.9036561531375,284.6,NA,417.9,2021-09-05,NA,10,"702FHL8","STE-ANNE-DE-BELLEVUE+1",1994,2026
"DC","10-02",2001-10-02,166.929411764706,71.4644996196178,262.7,NA,417.9,2021-09-05,NA,10,"702FHL8","STE-ANNE-DE-BELLEVUE+1",1994,2026
"DC","10-03",2001-10-03,168.194117647059,72.3244553262262,266.8,NA,417.9,2021-09-05,NA,10,"702FHL8","STE-ANNE-DE-BELLEVUE+1",1994,2026
"DC","10-04",2001-10-04,167.7,71.765834489679,271.8,NA,417.9,2021-09-05,NA,10,"702FHL8","STE-ANNE-DE-BELLEVUE+1",1994,2026
"DC","10-05",2001-10-05,167.252941176471,70.0788851727739,268.1,NA,417.9,2021-09-05,NA,10,"702FHL8","STE-ANNE-DE-BELLEVUE+1",1994,2026
"DC","10-06",2001-10-06,159.264705882353,73.8372868303717,270.5,NA,417.9,2021-09-05,NA,10,"702FHL8","STE-ANNE-DE-BELLEVUE+1",1994,2026
"DC","10-07",2001-10-07,158.429411764706,77.111508258381,273.5,NA,417.9,2021-09-05,NA,10,"702FHL8","STE-ANNE-DE-BELLEVUE+1",1994,2026
"DC","10-08",2001-10-08,154.164705882353,74.9792132958901,260.9,NA,417.9,2021-09-05,NA,10,"702FHL8","STE-ANNE-DE-BELLEVUE+1",1994,2026
"DC","10-09",2001-10-09,149.652941176471,68.0932735081728,264.1,NA,417.9,2021-09-05,NA,10,"702FHL8","STE-ANNE-DE-BELLEVUE+1",1994,2026
"DC","10-10",2001-10-10,146.464705882353,64.6723080342011,266.9,NA,417.9,2021-09-05,NA,10,"702FHL8","STE-ANNE-DE-BELLEVUE+1",1994,2026
"DC","10-11",2001-10-11,148.494117647059,63.5685994673101,269.7,NA,417.9,2021-09-05,NA,10,"702FHL8","STE-ANNE-DE-BELLEVUE+1",1994,2026
"DC","10-12",2001-10-12,151.694117647059,63.4943744613276,274.2,NA,417.9,2021-09-05,NA,10,"702FHL8","STE-ANNE-DE-BELLEVUE+1",1994,2026
"DC","10-13",2001-10-13,149.488235294118,63.5387271901254,278.3,NA,417.9,2021-09-05,NA,10,"702FHL8","STE-ANNE-DE-BELLEVUE+1",1994,2026
"DC","10-14",2001-10-14,143.564705882353,62.0691745270596,282.5,NA,417.9,2021-09-05,NA,10,"702FHL8","STE-ANNE-DE-BELLEVUE+1",1994,2026
"DC","10-15",2001-10-15,141.547058823529,65.0445051257892,286.6,NA,417.9,2021-09-05,NA,10,"702FHL8","STE-ANNE-DE-BELLEVUE+1",1994,2026
"DC","10-16",2001-10-16,138.582352941176,66.6814464009116,272,NA,417.9,2021-09-05,NA,10,"702FHL8","STE-ANNE-DE-BELLEVUE+1",1994,2026
"DC","10-17",2001-10-17,129.8,70.3612020221372,248.4,NA,417.9,2021-09-05,NA,10,"702FHL8","STE-ANNE-DE-BELLEVUE+1",1994,2026
"DC","10-18",2001-10-18,129.582352941176,73.8194438757002,253.4,NA,417.9,2021-09-05,NA,10,"702FHL8","STE-ANNE-DE-BELLEVUE+1",1994,2026
"DC","10-19",2001-10-19,130.335294117647,72.8996394124867,256.5,NA,417.9,2021-09-05,NA,10,"702FHL8","STE-ANNE-DE-BELLEVUE+1",1994,2026
"DC","10-20",2001-10-20,122.458823529412,73.6563308448732,259,NA,417.9,2021-09-05,NA,10,"702FHL8","STE-ANNE-DE-BELLEVUE+1",1994,2026
"DC","10-21",2001-10-21,108.547058823529,76.9004317091837,261,NA,417.9,2021-09-05,NA,10,"702FHL8","STE-ANNE-DE-BELLEVUE+1",1994,2026
"DC","10-22",2001-10-22,108.435294117647,78.0034690027988,263.2,NA,417.9,2021-09-05,NA,10,"702FHL8","STE-ANNE-DE-BELLEVUE+1",1994,2026
"DC","10-23",2001-10-23,104.123529411765,79.6454450157993,266.1,NA,417.9,2021-09-05,NA,10,"702FHL8","STE-ANNE-DE-BELLEVUE+1",1994,2026
"DC","10-24",2001-10-24,105.4,80.8797409738681,269.8,NA,417.9,2021-09-05,NA,10,"702FHL8","STE-ANNE-DE-BELLEVUE+1",1994,2026
"DC","10-25",2001-10-25,102.476470588235,79.9373467896246,272.4,NA,417.9,2021-09-05,NA,10,"702FHL8","STE-ANNE-DE-BELLEVUE+1",1994,2026
"DC","10-26",2001-10-26,103.664705882353,80.7984447651722,274.5,NA,417.9,2021-09-05,NA,10,"702FHL8","STE-ANNE-DE-BELLEVUE+1",1994,2026
"DC","10-27",2001-10-27,100.594117647059,82.6604611542622,276.8,NA,417.9,2021-09-05,NA,10,"702FHL8","STE-ANNE-DE-BELLEVUE+1",1994,2026
"DC","10-28",2001-10-28,95.2235294117647,78.6976375869359,246.9,NA,417.9,2021-09-05,NA,10,"702FHL8","STE-ANNE-DE-BELLEVUE+1",1994,2026
"DC","10-29",2001-10-29,91.8764705882353,79.4834536980163,249.4,NA,417.9,2021-09-05,NA,10,"702FHL8","STE-ANNE-DE-BELLEVUE+1",1994,2026
"DC","10-30",2001-10-30,89.5117647058824,79.6405901719794,251.9,NA,417.9,2021-09-05,NA,10,"702FHL8","STE-ANNE-DE-BELLEVUE+1",1994,2026
"DC","10-31",2001-10-31,90.864705882353,79.7575226951702,254.3,NA,417.9,2021-09-05,NA,10,"702FHL8","STE-ANNE-DE-BELLEVUE+1",1994,2026
"DMC","04-01",2001-04-01,3.95,3.46482322781408,6.4,NA,98.3,2020-06-23,NA,4,"702FHL8","STE-ANNE-DE-BELLEVUE+1",1994,2026
"DMC","04-02",2001-04-02,3.4,1.97989898732233,4.9,NA,98.3,2020-06-23,NA,4,"702FHL8","STE-ANNE-DE-BELLEVUE+1",1994,2026
"DMC","04-03",2001-04-03,4.16666666666667,3.08922859842604,6,NA,98.3,2020-06-23,NA,4,"702FHL8","STE-ANNE-DE-BELLEVUE+1",1994,2026
"DMC","04-04",2001-04-04,5.43333333333333,3.41955162752858,7.7,NA,98.3,2020-06-23,NA,4,"702FHL8","STE-ANNE-DE-BELLEVUE+1",1994,2026
"DMC","04-05",2001-04-05,6.3,3.8742741255621,9.2,NA,98.3,2020-06-23,NA,4,"702FHL8","STE-ANNE-DE-BELLEVUE+1",1994,2026
"DMC","04-06",2001-04-06,7.36666666666667,3.51615320106126,10.1,NA,98.3,2020-06-23,NA,4,"702FHL8","STE-ANNE-DE-BELLEVUE+1",1994,2026
"DMC","04-07",2001-04-07,6.43333333333333,2.65581123827228,9.5,NA,98.3,2020-06-23,NA,4,"702FHL8","STE-ANNE-DE-BELLEVUE+1",1994,2026
"DMC","04-08",2001-04-08,7.36666666666667,2.98384539367128,10.8,NA,98.3,2020-06-23,NA,4,"702FHL8","STE-ANNE-DE-BELLEVUE+1",1994,2026
"DMC","04-09",2001-04-09,6.8,4.15812457725836,12.6,NA,98.3,2020-06-23,NA,4,"702FHL8","STE-ANNE-DE-BELLEVUE+1",1994,2026
"DMC","04-10",2001-04-10,6.2,4.01081870279207,14.5,NA,98.3,2020-06-23,NA,4,"702FHL8","STE-ANNE-DE-BELLEVUE+1",1994,2026
"DMC","04-11",2001-04-11,6.06666666666667,3.51605839921163,16.2,3.4,98.3,2020-06-23,NA,4,"702FHL8","STE-ANNE-DE-BELLEVUE+1",1994,2026
"DMC","04-12",2001-04-12,7.2375,2.40650161022178,17.6,4.4,98.3,2020-06-23,NA,4,"702FHL8","STE-ANNE-DE-BELLEVUE+1",1994,2026
"DMC","04-13",2001-04-13,7.81111111111111,3.41556892934561,19.4,1.8,98.3,2020-06-23,NA,4,"702FHL8","STE-ANNE-DE-BELLEVUE+1",1994,2026
"DMC","04-14",2001-04-14,7.8,4.89974489131832,21,0.5,98.3,2020-06-23,NA,4,"702FHL8","STE-ANNE-DE-BELLEVUE+1",1994,2026
"DMC","04-15",2001-04-15,8.71111111111111,6.02441790641313,17.5,0.3,98.3,2020-06-23,NA,4,"702FHL8","STE-ANNE-DE-BELLEVUE+1",1994,2026
"DMC","04-16",2001-04-16,7.13333333333333,6.38318102516292,20.3,0.5,98.3,2020-06-23,NA,4,"702FHL8","STE-ANNE-DE-BELLEVUE+1",1994,2026
"DMC","04-17",2001-04-17,5.96666666666667,7.02780193232564,21.7,1.1,98.3,2020-06-23,NA,4,"702FHL8","STE-ANNE-DE-BELLEVUE+1",1994,2026
"DMC","04-18",2001-04-18,6.52222222222222,7.23425493360888,22.7,3.4,98.3,2020-06-23,NA,4,"702FHL8","STE-ANNE-DE-BELLEVUE+1",1994,2026
"DMC","04-19",2001-04-19,7.45555555555555,7.95693268651795,25.4,1.7,98.3,2020-06-23,NA,4,"702FHL8","STE-ANNE-DE-BELLEVUE+1",1994,2026
"DMC","04-20",2001-04-20,6.82222222222222,7.6822486580717,25.8,2.2,98.3,2020-06-23,NA,4,"702FHL8","STE-ANNE-DE-BELLEVUE+1",1994,2026
"DMC","04-21",2001-04-21,5.89,4.69975176649434,16.2,3.2,98.3,2020-06-23,NA,4,"702FHL8","STE-ANNE-DE-BELLEVUE+1",1994,2026
"DMC","04-22",2001-04-22,5.37,3.69265035803103,12.7,4.9,98.3,2020-06-23,NA,4,"702FHL8","STE-ANNE-DE-BELLEVUE+1",1994,2026
"DMC","04-23",2001-04-23,5.93,4.70178453119428,15.7,6.9,98.3,2020-06-23,NA,4,"702FHL8","STE-ANNE-DE-BELLEVUE+1",1994,2026
"DMC","04-24",2001-04-24,6.6,5.3139230120296,17.6,8.5,98.3,2020-06-23,NA,4,"702FHL8","STE-ANNE-DE-BELLEVUE+1",1994,2026
"DMC","04-25",2001-04-25,7.31,4.84892886224485,15.5,10.2,98.3,2020-06-23,NA,4,"702FHL8","STE-ANNE-DE-BELLEVUE+1",1994,2026
"DMC","04-26",2001-04-26,7.01818181818182,5.54956181726417,16.8,12.4,98.3,2020-06-23,NA,4,"702FHL8","STE-ANNE-DE-BELLEVUE+1",1994,2026
"DMC","04-27",2001-04-27,6.22727272727273,5.54546497763549,17.4,15.4,98.3,2020-06-23,NA,4,"702FHL8","STE-ANNE-DE-BELLEVUE+1",1994,2026
"DMC","04-28",2001-04-28,6.225,5.34196507935899,19.7,NA,98.3,2020-06-23,NA,4,"702FHL8","STE-ANNE-DE-BELLEVUE+1",1994,2026
"DMC","04-29",2001-04-29,8.27692307692308,6.28942947149605,22.7,NA,98.3,2020-06-23,NA,4,"702FHL8","STE-ANNE-DE-BELLEVUE+1",1994,2026
"DMC","04-30",2001-04-30,9.24615384615385,6.93585075106332,26.5,NA,98.3,2020-06-23,NA,4,"702FHL8","STE-ANNE-DE-BELLEVUE+1",1994,2026
"DMC","05-01",2001-05-01,9.57692307692308,8.52546712758836,30.4,NA,98.3,2020-06-23,NA,5,"702FHL8","STE-ANNE-DE-BELLEVUE+1",1994,2026
"DMC","05-02",2001-05-02,10.7071428571429,9.10287057730982,31.7,NA,98.3,2020-06-23,NA,5,"702FHL8","STE-ANNE-DE-BELLEVUE+1",1994,2026
"DMC","05-03",2001-05-03,11.6142857142857,10.2287571350322,32.4,NA,98.3,2020-06-23,NA,5,"702FHL8","STE-ANNE-DE-BELLEVUE+1",1994,2026
"DMC","05-04",2001-05-04,10.82,10.0603322864747,34.6,NA,98.3,2020-06-23,NA,5,"702FHL8","STE-ANNE-DE-BELLEVUE+1",1994,2026
"DMC","05-05",2001-05-05,11.6866666666667,10.8278652866882,36.9,NA,98.3,2020-06-23,NA,5,"702FHL8","STE-ANNE-DE-BELLEVUE+1",1994,2026
"DMC","05-06",2001-05-06,12.20625,11.4328455921233,39.9,NA,98.3,2020-06-23,NA,5,"702FHL8","STE-ANNE-DE-BELLEVUE+1",1994,2026
"DMC","05-07",2001-05-07,13.5647058823529,12.0944171612603,42.5,NA,98.3,2020-06-23,NA,5,"702FHL8","STE-ANNE-DE-BELLEVUE+1",1994,2026
"DMC","05-08",2001-05-08,13.3941176470588,11.1067811824711,39.8,NA,98.3,2020-06-23,NA,5,"702FHL8","STE-ANNE-DE-BELLEVUE+1",1994,2026
"DMC","05-09",2001-05-09,14.3647058823529,11.7186785291938,42.7,NA,98.3,2020-06-23,NA,5,"702FHL8","STE-ANNE-DE-BELLEVUE+1",1994,2026
"DMC","05-10",2001-05-10,14.4529411764706,12.053221439052,45.3,NA,98.3,2020-06-23,NA,5,"702FHL8","STE-ANNE-DE-BELLEVUE+1",1994,2026
"DMC","05-11",2001-05-11,12.5117647058824,7.20693089610109,27.5,NA,98.3,2020-06-23,NA,5,"702FHL8","STE-ANNE-DE-BELLEVUE+1",1994,2026
"DMC","05-12",2001-05-12,13.4647058823529,7.73845439804282,31.7,NA,98.3,2020-06-23,NA,5,"702FHL8","STE-ANNE-DE-BELLEVUE+1",1994,2026
"DMC","05-13",2001-05-13,14.70625,7.93183196577773,35.3,NA,98.3,2020-06-23,NA,5,"702FHL8","STE-ANNE-DE-BELLEVUE+1",1994,2026
"DMC","05-14",2001-05-14,14.2352941176471,9.78327278933733,38.6,NA,98.3,2020-06-23,NA,5,"702FHL8","STE-ANNE-DE-BELLEVUE+1",1994,2026
"DMC","05-15",2001-05-15,14.8705882352941,10.9936211451165,37.9,NA,98.3,2020-06-23,NA,5,"702FHL8","STE-ANNE-DE-BELLEVUE+1",1994,2026
"DMC","05-16",2001-05-16,14.4941176470588,10.8651662773882,41.5,NA,98.3,2020-06-23,NA,5,"702FHL8","STE-ANNE-DE-BELLEVUE+1",1994,2026
"DMC","05-17",2001-05-17,15.4588235294118,12.1734372109693,45,NA,98.3,2020-06-23,NA,5,"702FHL8","STE-ANNE-DE-BELLEVUE+1",1994,2026
"DMC","05-18",2001-05-18,17.5588235294118,13.0917463895926,48.5,NA,98.3,2020-06-23,NA,5,"702FHL8","STE-ANNE-DE-BELLEVUE+1",1994,2026
"DMC","05-19",2001-05-19,17.7705882352941,11.3267252938505,42.3,NA,98.3,2020-06-23,NA,5,"702FHL8","STE-ANNE-DE-BELLEVUE+1",1994,2026
"DMC","05-20",2001-05-20,16.8705882352941,9.10657487106722,46.9,NA,98.3,2020-06-23,NA,5,"702FHL8","STE-ANNE-DE-BELLEVUE+1",1994,2026
"DMC","05-21",2001-05-21,19.3941176470588,9.52617909947604,51,NA,98.3,2020-06-23,NA,5,"702FHL8","STE-ANNE-DE-BELLEVUE+1",1994,2026
"DMC","05-22",2001-05-22,18.9588235294118,9.14740802246252,53.8,NA,98.3,2020-06-23,NA,5,"702FHL8","STE-ANNE-DE-BELLEVUE+1",1994,2026
"DMC","05-23",2001-05-23,20.1117647058824,9.98986250862225,55.7,NA,98.3,2020-06-23,NA,5,"702FHL8","STE-ANNE-DE-BELLEVUE+1",1994,2026
"DMC","05-24",2001-05-24,20.2764705882353,11.832504458681,58.6,NA,98.3,2020-06-23,NA,5,"702FHL8","STE-ANNE-DE-BELLEVUE+1",1994,2026
"DMC","05-25",2001-05-25,22.0470588235294,12.1707188390343,61.2,NA,98.3,2020-06-23,NA,5,"702FHL8","STE-ANNE-DE-BELLEVUE+1",1994,2026
"DMC","05-26",2001-05-26,19.2117647058824,13.8364049861652,65,NA,98.3,2020-06-23,NA,5,"702FHL8","STE-ANNE-DE-BELLEVUE+1",1994,2026
"DMC","05-27",2001-05-27,20.8411764705882,15.2369640522452,66.9,NA,98.3,2020-06-23,NA,5,"702FHL8","STE-ANNE-DE-BELLEVUE+1",1994,2026
"DMC","05-28",2001-05-28,21.0411764705882,15.8386023224719,68.8,NA,98.3,2020-06-23,NA,5,"702FHL8","STE-ANNE-DE-BELLEVUE+1",1994,2026
"DMC","05-29",2001-05-29,19.9176470588235,16.7734624963854,71.7,NA,98.3,2020-06-23,NA,5,"702FHL8","STE-ANNE-DE-BELLEVUE+1",1994,2026
"DMC","05-30",2001-05-30,19.9588235294118,17.0890702944722,74.6,NA,98.3,2020-06-23,NA,5,"702FHL8","STE-ANNE-DE-BELLEVUE+1",1994,2026
"DMC","05-31",2001-05-31,19.5058823529412,15.3107997255301,76.3,NA,98.3,2020-06-23,NA,5,"702FHL8","STE-ANNE-DE-BELLEVUE+1",1994,2026
"DMC","06-01",2001-06-01,19.4764705882353,11.2687360322578,79.7,NA,98.3,2020-06-23,NA,6,"702FHL8","STE-ANNE-DE-BELLEVUE+1",1994,2026
"DMC","06-02",2001-06-02,17.0235294117647,11.9094778124276,83.8,NA,98.3,2020-06-23,NA,6,"702FHL8","STE-ANNE-DE-BELLEVUE+1",1994,2026
"DMC","06-03",2001-06-03,15.5470588235294,12.6221094536065,50.9,NA,98.3,2020-06-23,NA,6,"702FHL8","STE-ANNE-DE-BELLEVUE+1",1994,2026
"DMC","06-04",2001-06-04,14.5352941176471,10.6103099139746,49.6,NA,98.3,2020-06-23,NA,6,"702FHL8","STE-ANNE-DE-BELLEVUE+1",1994,2026
"DMC","06-05",2001-06-05,14.7882352941176,10.8353519989512,52.2,NA,98.3,2020-06-23,NA,6,"702FHL8","STE-ANNE-DE-BELLEVUE+1",1994,2026
"DMC","06-06",2001-06-06,13.6823529411765,10.5978320480015,54.6,NA,98.3,2020-06-23,NA,6,"702FHL8","STE-ANNE-DE-BELLEVUE+1",1994,2026
"DMC","06-07",2001-06-07,14.2882352941176,11.8952134466422,56.1,NA,98.3,2020-06-23,NA,6,"702FHL8","STE-ANNE-DE-BELLEVUE+1",1994,2026
"DMC","06-08",2001-06-08,15.8176470588235,13.0796232406613,57.3,NA,98.3,2020-06-23,NA,6,"702FHL8","STE-ANNE-DE-BELLEVUE+1",1994,2026
"DMC","06-09",2001-06-09,17.8,13.7786066058945,58.5,NA,98.3,2020-06-23,NA,6,"702FHL8","STE-ANNE-DE-BELLEVUE+1",1994,2026
"DMC","06-10",2001-06-10,20.1235294117647,14.8369273019957,61.2,NA,98.3,2020-06-23,NA,6,"702FHL8","STE-ANNE-DE-BELLEVUE+1",1994,2026
"DMC","06-11",2001-06-11,20.3058823529412,15.9595375319993,64.8,NA,98.3,2020-06-23,NA,6,"702FHL8","STE-ANNE-DE-BELLEVUE+1",1994,2026
"DMC","06-12",2001-06-12,18.9176470588235,16.2698430882921,68.2,NA,98.3,2020-06-23,NA,6,"702FHL8","STE-ANNE-DE-BELLEVUE+1",1994,2026
"DMC","06-13",2001-06-13,18.2705882352941,17.1704602699623,60,NA,98.3,2020-06-23,NA,6,"702FHL8","STE-ANNE-DE-BELLEVUE+1",1994,2026
"DMC","06-14",2001-06-14,18.1823529411765,17.8577446537251,63.1,NA,98.3,2020-06-23,NA,6,"702FHL8","STE-ANNE-DE-BELLEVUE+1",1994,2026
"DMC","06-15",2001-06-15,20.3941176470588,18.6919257497802,66.7,NA,98.3,2020-06-23,NA,6,"702FHL8","STE-ANNE-DE-BELLEVUE+1",1994,2026
"DMC","06-16",2001-06-16,19.1764705882353,16.2305856876672,71,NA,98.3,2020-06-23,NA,6,"702FHL8","STE-ANNE-DE-BELLEVUE+1",1994,2026
"DMC","06-17",2001-06-17,20.2823529411765,17.2017526466825,75.6,NA,98.3,2020-06-23,NA,6,"702FHL8","STE-ANNE-DE-BELLEVUE+1",1994,2026
"DMC","06-18",2001-06-18,21.3,18.2359192255285,80.4,NA,98.3,2020-06-23,NA,6,"702FHL8","STE-ANNE-DE-BELLEVUE+1",1994,2026
"DMC","06-19",2001-06-19,23.4529411764706,18.9732086653477,84.3,NA,98.3,2020-06-23,NA,6,"702FHL8","STE-ANNE-DE-BELLEVUE+1",1994,2026
"DMC","06-20",2001-06-20,23.9647058823529,20.0657650357665,88.7,NA,98.3,2020-06-23,NA,6,"702FHL8","STE-ANNE-DE-BELLEVUE+1",1994,2026
"DMC","06-21",2001-06-21,25.6588235294118,21.3004125201699,92.4,NA,98.3,2020-06-23,NA,6,"702FHL8","STE-ANNE-DE-BELLEVUE+1",1994,2026
"DMC","06-22",2001-06-22,27.1882352941176,21.5166180646768,96.8,NA,98.3,2020-06-23,NA,6,"702FHL8","STE-ANNE-DE-BELLEVUE+1",1994,2026
"DMC","06-23",2001-06-23,27.2941176470588,22.4665437536639,98.3,NA,98.3,2020-06-23,NA,6,"702FHL8","STE-ANNE-DE-BELLEVUE+1",1994,2026
"DMC","06-24",2001-06-24,23.8941176470588,15.120493981193,54.2,NA,98.3,2020-06-23,NA,6,"702FHL8","STE-ANNE-DE-BELLEVUE+1",1994,2026
"DMC","06-25",2001-06-25,18.2470588235294,12.3656337103613,50.5,NA,98.3,2020-06-23,NA,6,"702FHL8","STE-ANNE-DE-BELLEVUE+1",1994,2026
"DMC","06-26",2001-06-26,19.2823529411765,14.1722984768755,54,NA,98.3,2020-06-23,NA,6,"702FHL8","STE-ANNE-DE-BELLEVUE+1",1994,2026
"DMC","06-27",2001-06-27,19.3,14.1688037603744,55.9,NA,98.3,2020-06-23,NA,6,"702FHL8","STE-ANNE-DE-BELLEVUE+1",1994,2026
"DMC","06-28",2001-06-28,19.2,14.9158472773088,57.9,NA,98.3,2020-06-23,NA,6,"702FHL8","STE-ANNE-DE-BELLEVUE+1",1994,2026
"DMC","06-29",2001-06-29,18.2941176470588,15.5558457897761,59.2,NA,98.3,2020-06-23,NA,6,"702FHL8","STE-ANNE-DE-BELLEVUE+1",1994,2026
"DMC","06-30",2001-06-30,18.5764705882353,16.1767398373314,60.5,NA,98.3,2020-06-23,NA,6,"702FHL8","STE-ANNE-DE-BELLEVUE+1",1994,2026
"DMC","07-01",2001-07-01,17.9764705882353,16.0190327974165,63.7,NA,98.3,2020-06-23,NA,7,"702FHL8","STE-ANNE-DE-BELLEVUE+1",1994,2026
"DMC","07-02",2001-07-02,19.4235294117647,16.734303444264,66.3,NA,98.3,2020-06-23,NA,7,"702FHL8","STE-ANNE-DE-BELLEVUE+1",1994,2026
"DMC","07-03",2001-07-03,20.3941176470588,16.5996788594025,70,NA,98.3,2020-06-23,NA,7,"702FHL8","STE-ANNE-DE-BELLEVUE+1",1994,2026
"DMC","07-04",2001-07-04,21.6529411764706,17.8114470793033,74.8,NA,98.3,2020-06-23,NA,7,"702FHL8","STE-ANNE-DE-BELLEVUE+1",1994,2026
"DMC","07-05",2001-07-05,23.2823529411765,18.6296885137043,78.8,NA,98.3,2020-06-23,NA,7,"702FHL8","STE-ANNE-DE-BELLEVUE+1",1994,2026
"DMC","07-06",2001-07-06,23.7470588235294,18.8072830855183,83.4,NA,98.3,2020-06-23,NA,7,"702FHL8","STE-ANNE-DE-BELLEVUE+1",1994,2026
"DMC","07-07",2001-07-07,23.2764705882353,19.8103675322975,87.8,NA,98.3,2020-06-23,NA,7,"702FHL8","STE-ANNE-DE-BELLEVUE+1",1994,2026
"DMC","07-08",2001-07-08,23.6764705882353,21.1539159912463,90.6,NA,98.3,2020-06-23,NA,7,"702FHL8","STE-ANNE-DE-BELLEVUE+1",1994,2026
"DMC","07-09",2001-07-09,22.7764705882353,21.8287519516052,93.7,NA,98.3,2020-06-23,NA,7,"702FHL8","STE-ANNE-DE-BELLEVUE+1",1994,2026
"DMC","07-10",2001-07-10,23.2117647058824,23.0835948877374,98,NA,98.3,2020-06-23,NA,7,"702FHL8","STE-ANNE-DE-BELLEVUE+1",1994,2026
"DMC","07-11",2001-07-11,21.9,14.4397887796186,61.2,NA,98.3,2020-06-23,NA,7,"702FHL8","STE-ANNE-DE-BELLEVUE+1",1994,2026
"DMC","07-12",2001-07-12,22.1823529411765,13.5634267100039,65,NA,98.3,2020-06-23,NA,7,"702FHL8","STE-ANNE-DE-BELLEVUE+1",1994,2026
"DMC","07-13",2001-07-13,22.9117647058824,15.400522813891,69,NA,98.3,2020-06-23,NA,7,"702FHL8","STE-ANNE-DE-BELLEVUE+1",1994,2026
"DMC","07-14",2001-07-14,22.7823529411765,16.8118349420177,70.9,NA,98.3,2020-06-23,NA,7,"702FHL8","STE-ANNE-DE-BELLEVUE+1",1994,2026
"DMC","07-15",2001-07-15,23.0647058823529,18.1469674180175,74.4,NA,98.3,2020-06-23,NA,7,"702FHL8","STE-ANNE-DE-BELLEVUE+1",1994,2026
"DMC","07-16",2001-07-16,22.8764705882353,16.9982546681918,78.8,NA,98.3,2020-06-23,NA,7,"702FHL8","STE-ANNE-DE-BELLEVUE+1",1994,2026
"DMC","07-17",2001-07-17,17.6352941176471,9.34036543560198,38.9,NA,98.3,2020-06-23,NA,7,"702FHL8","STE-ANNE-DE-BELLEVUE+1",1994,2026
"DMC","07-18",2001-07-18,16.0764705882353,8.00511784827093,39.8,NA,98.3,2020-06-23,NA,7,"702FHL8","STE-ANNE-DE-BELLEVUE+1",1994,2026
"DMC","07-19",2001-07-19,16.0058823529412,9.7587441935576,43.4,NA,98.3,2020-06-23,NA,7,"702FHL8","STE-ANNE-DE-BELLEVUE+1",1994,2026
"DMC","07-20",2001-07-20,16.5176470588235,10.8863581659638,47.6,NA,98.3,2020-06-23,NA,7,"702FHL8","STE-ANNE-DE-BELLEVUE+1",1994,2026
"DMC","07-21",2001-07-21,17.5,11.6197568821383,51.7,NA,98.3,2020-06-23,NA,7,"702FHL8","STE-ANNE-DE-BELLEVUE+1",1994,2026
"DMC","07-22",2001-07-22,18.4941176470588,9.68377964615543,36.8,NA,98.3,2020-06-23,NA,7,"702FHL8","STE-ANNE-DE-BELLEVUE+1",1994,2026
"DMC","07-23",2001-07-23,18.0294117647059,9.09565587972373,40.6,NA,98.3,2020-06-23,NA,7,"702FHL8","STE-ANNE-DE-BELLEVUE+1",1994,2026
"DMC","07-24",2001-07-24,17.0705882352941,10.6374200764261,44.6,NA,98.3,2020-06-23,NA,7,"702FHL8","STE-ANNE-DE-BELLEVUE+1",1994,2026
"DMC","07-25",2001-07-25,18.6235294117647,11.2226071732332,46.7,NA,98.3,2020-06-23,NA,7,"702FHL8","STE-ANNE-DE-BELLEVUE+1",1994,2026
"DMC","07-26",2001-07-26,19.0235294117647,12.0556796475647,49.7,NA,98.3,2020-06-23,NA,7,"702FHL8","STE-ANNE-DE-BELLEVUE+1",1994,2026
"DMC","07-27",2001-07-27,18.7352941176471,12.1031473787023,51.8,NA,98.3,2020-06-23,NA,7,"702FHL8","STE-ANNE-DE-BELLEVUE+1",1994,2026
"DMC","07-28",2001-07-28,19.7235294117647,13.3232188965244,55.2,NA,98.3,2020-06-23,NA,7,"702FHL8","STE-ANNE-DE-BELLEVUE+1",1994,2026
"DMC","07-29",2001-07-29,19.1117647058824,13.9938326751886,56.8,NA,98.3,2020-06-23,NA,7,"702FHL8","STE-ANNE-DE-BELLEVUE+1",1994,2026
"DMC","07-30",2001-07-30,16.7764705882353,11.3919121206541,48.8,NA,98.3,2020-06-23,NA,7,"702FHL8","STE-ANNE-DE-BELLEVUE+1",1994,2026
"DMC","07-31",2001-07-31,17.9941176470588,11.2115158758882,43.1,NA,98.3,2020-06-23,NA,7,"702FHL8","STE-ANNE-DE-BELLEVUE+1",1994,2026
"DMC","08-01",2001-08-01,18.8941176470588,12.3539199542208,47.1,NA,98.3,2020-06-23,NA,8,"702FHL8","STE-ANNE-DE-BELLEVUE+1",1994,2026
"DMC","08-02",2001-08-02,18.3764705882353,13.4096294417372,50.9,NA,98.3,2020-06-23,NA,8,"702FHL8","STE-ANNE-DE-BELLEVUE+1",1994,2026
"DMC","08-03",2001-08-03,18.5705882352941,14.2030262930952,54.4,NA,98.3,2020-06-23,NA,8,"702FHL8","STE-ANNE-DE-BELLEVUE+1",1994,2026
"DMC","08-04",2001-08-04,18.1176470588235,15.9645793592455,57.5,NA,98.3,2020-06-23,NA,8,"702FHL8","STE-ANNE-DE-BELLEVUE+1",1994,2026
"DMC","08-05",2001-08-05,18.5294117647059,17.0371933100013,60.6,NA,98.3,2020-06-23,NA,8,"702FHL8","STE-ANNE-DE-BELLEVUE+1",1994,2026
"DMC","08-06",2001-08-06,18.9588235294118,17.4821715907782,63.7,NA,98.3,2020-06-23,NA,8,"702FHL8","STE-ANNE-DE-BELLEVUE+1",1994,2026
"DMC","08-07",2001-08-07,19.1588235294118,16.4297009567859,64.6,NA,98.3,2020-06-23,NA,8,"702FHL8","STE-ANNE-DE-BELLEVUE+1",1994,2026
"DMC","08-08",2001-08-08,18.6235294117647,13.0282639582066,65,NA,98.3,2020-06-23,NA,8,"702FHL8","STE-ANNE-DE-BELLEVUE+1",1994,2026
"DMC","08-09",2001-08-09,19.9352941176471,14.2168887760504,68.4,NA,98.3,2020-06-23,NA,8,"702FHL8","STE-ANNE-DE-BELLEVUE+1",1994,2026
"DMC","08-10",2001-08-10,19.3411764705882,13.4407058419345,72,NA,98.3,2020-06-23,NA,8,"702FHL8","STE-ANNE-DE-BELLEVUE+1",1994,2026
"DMC","08-11",2001-08-11,18.9941176470588,13.2096778248106,76.7,NA,98.3,2020-06-23,NA,8,"702FHL8","STE-ANNE-DE-BELLEVUE+1",1994,2026
"DMC","08-12",2001-08-12,17.2411764705882,9.1645416431708,81,NA,98.3,2020-06-23,NA,8,"702FHL8","STE-ANNE-DE-BELLEVUE+1",1994,2026
"DMC","08-13",2001-08-13,13.9764705882353,6.59739810567059,35.8,NA,98.3,2020-06-23,NA,8,"702FHL8","STE-ANNE-DE-BELLEVUE+1",1994,2026
"DMC","08-14",2001-08-14,14.0470588235294,7.7738437763325,33.8,NA,98.3,2020-06-23,NA,8,"702FHL8","STE-ANNE-DE-BELLEVUE+1",1994,2026
"DMC","08-15",2001-08-15,12.5411764705882,6.56763454596948,28.5,NA,98.3,2020-06-23,NA,8,"702FHL8","STE-ANNE-DE-BELLEVUE+1",1994,2026
"DMC","08-16",2001-08-16,12.7705882352941,6.48592367225771,31.6,NA,98.3,2020-06-23,NA,8,"702FHL8","STE-ANNE-DE-BELLEVUE+1",1994,2026
"DMC","08-17",2001-08-17,12.5529411764706,5.46238474101043,33,NA,98.3,2020-06-23,NA,8,"702FHL8","STE-ANNE-DE-BELLEVUE+1",1994,2026
"DMC","08-18",2001-08-18,13.6470588235294,5.74152828599002,34.6,NA,98.3,2020-06-23,NA,8,"702FHL8","STE-ANNE-DE-BELLEVUE+1",1994,2026
"DMC","08-19",2001-08-19,15.7,6.06104363950632,35.4,NA,98.3,2020-06-23,NA,8,"702FHL8","STE-ANNE-DE-BELLEVUE+1",1994,2026
"DMC","08-20",2001-08-20,17.5235294117647,5.93396256852922,38.1,NA,98.3,2020-06-23,NA,8,"702FHL8","STE-ANNE-DE-BELLEVUE+1",1994,2026
"DMC","08-21",2001-08-21,16.2647058823529,7.71969406586739,40.9,NA,98.3,2020-06-23,NA,8,"702FHL8","STE-ANNE-DE-BELLEVUE+1",1994,2026
"DMC","08-22",2001-08-22,16.2764705882353,9.21110263566235,43.4,NA,98.3,2020-06-23,NA,8,"702FHL8","STE-ANNE-DE-BELLEVUE+1",1994,2026
"DMC","08-23",2001-08-23,15.6235294117647,9.94381273781369,45.6,NA,98.3,2020-06-23,NA,8,"702FHL8","STE-ANNE-DE-BELLEVUE+1",1994,2026
"DMC","08-24",2001-08-24,16.4647058823529,9.14992767570259,49,NA,98.3,2020-06-23,NA,8,"702FHL8","STE-ANNE-DE-BELLEVUE+1",1994,2026
"DMC","08-25",2001-08-25,17.3176470588235,10.398331314093,52,NA,98.3,2020-06-23,NA,8,"702FHL8","STE-ANNE-DE-BELLEVUE+1",1994,2026
"DMC","08-26",2001-08-26,18.3941176470588,11.0032080883392,54.5,NA,98.3,2020-06-23,NA,8,"702FHL8","STE-ANNE-DE-BELLEVUE+1",1994,2026
"DMC","08-27",2001-08-27,19.6764705882353,11.3926801835523,57.1,NA,98.3,2020-06-23,NA,8,"702FHL8","STE-ANNE-DE-BELLEVUE+1",1994,2026
"DMC","08-28",2001-08-28,21.2470588235294,11.9675664635223,58.3,NA,98.3,2020-06-23,NA,8,"702FHL8","STE-ANNE-DE-BELLEVUE+1",1994,2026
"DMC","08-29",2001-08-29,21.2470588235294,13.1950804112299,58.8,NA,98.3,2020-06-23,NA,8,"702FHL8","STE-ANNE-DE-BELLEVUE+1",1994,2026
"DMC","08-30",2001-08-30,22.3235294117647,13.6436582984442,45.8,NA,98.3,2020-06-23,NA,8,"702FHL8","STE-ANNE-DE-BELLEVUE+1",1994,2026
"DMC","08-31",2001-08-31,20.3,13.2151901234905,48,NA,98.3,2020-06-23,NA,8,"702FHL8","STE-ANNE-DE-BELLEVUE+1",1994,2026
"DMC","09-01",2001-09-01,21.4647058823529,13.6104252861763,51.6,NA,98.3,2020-06-23,NA,9,"702FHL8","STE-ANNE-DE-BELLEVUE+1",1994,2026
"DMC","09-02",2001-09-02,22.0941176470588,15.1818753201077,54.8,NA,98.3,2020-06-23,NA,9,"702FHL8","STE-ANNE-DE-BELLEVUE+1",1994,2026
"DMC","09-03",2001-09-03,21.1352941176471,16.2463819501632,58.3,NA,98.3,2020-06-23,NA,9,"702FHL8","STE-ANNE-DE-BELLEVUE+1",1994,2026
"DMC","09-04",2001-09-04,21.5882352941176,17.1118702350496,61.4,NA,98.3,2020-06-23,NA,9,"702FHL8","STE-ANNE-DE-BELLEVUE+1",1994,2026
"DMC","09-05",2001-09-05,21.7352941176471,16.3916495957725,64.6,NA,98.3,2020-06-23,NA,9,"702FHL8","STE-ANNE-DE-BELLEVUE+1",1994,2026
"DMC","09-06",2001-09-06,22.5588235294118,17.254747854704,65.3,NA,98.3,2020-06-23,NA,9,"702FHL8","STE-ANNE-DE-BELLEVUE+1",1994,2026
"DMC","09-07",2001-09-07,18.3117647058824,11.5109666380012,41.3,NA,98.3,2020-06-23,NA,9,"702FHL8","STE-ANNE-DE-BELLEVUE+1",1994,2026
"DMC","09-08",2001-09-08,14.1588235294118,8.97162602483027,32.6,NA,98.3,2020-06-23,NA,9,"702FHL8","STE-ANNE-DE-BELLEVUE+1",1994,2026
"DMC","09-09",2001-09-09,13.6470588235294,8.31513060984754,34.8,NA,98.3,2020-06-23,NA,9,"702FHL8","STE-ANNE-DE-BELLEVUE+1",1994,2026
"DMC","09-10",2001-09-10,14.2588235294118,8.66206231387259,36.5,NA,98.3,2020-06-23,NA,9,"702FHL8","STE-ANNE-DE-BELLEVUE+1",1994,2026
"DMC","09-11",2001-09-11,13.4764705882353,8.70513709051764,38.3,NA,98.3,2020-06-23,NA,9,"702FHL8","STE-ANNE-DE-BELLEVUE+1",1994,2026
"DMC","09-12",2001-09-12,13.9,9.48880919820817,39.9,NA,98.3,2020-06-23,NA,9,"702FHL8","STE-ANNE-DE-BELLEVUE+1",1994,2026
"DMC","09-13",2001-09-13,12.8647058823529,9.48979327860139,41.6,NA,98.3,2020-06-23,NA,9,"702FHL8","STE-ANNE-DE-BELLEVUE+1",1994,2026
"DMC","09-14",2001-09-14,10.3882352941176,7.54982469605596,28.8,NA,98.3,2020-06-23,NA,9,"702FHL8","STE-ANNE-DE-BELLEVUE+1",1994,2026
"DMC","09-15",2001-09-15,10.2294117647059,5.69459883418955,19,NA,98.3,2020-06-23,NA,9,"702FHL8","STE-ANNE-DE-BELLEVUE+1",1994,2026
"DMC","09-16",2001-09-16,10.4411764705882,6.39707538875475,20.2,NA,98.3,2020-06-23,NA,9,"702FHL8","STE-ANNE-DE-BELLEVUE+1",1994,2026
"DMC","09-17",2001-09-17,10.5294117647059,6.92673847365071,23,NA,98.3,2020-06-23,NA,9,"702FHL8","STE-ANNE-DE-BELLEVUE+1",1994,2026
"DMC","09-18",2001-09-18,10.8588235294118,6.43739648688907,24.2,NA,98.3,2020-06-23,NA,9,"702FHL8","STE-ANNE-DE-BELLEVUE+1",1994,2026
"DMC","09-19",2001-09-19,12.1294117647059,6.75247775874552,26.2,NA,98.3,2020-06-23,NA,9,"702FHL8","STE-ANNE-DE-BELLEVUE+1",1994,2026
"DMC","09-20",2001-09-20,11.8941176470588,6.39838559601515,27.6,NA,98.3,2020-06-23,NA,9,"702FHL8","STE-ANNE-DE-BELLEVUE+1",1994,2026
"DMC","09-21",2001-09-21,12.4176470588235,5.57373699753111,28.9,NA,98.3,2020-06-23,NA,9,"702FHL8","STE-ANNE-DE-BELLEVUE+1",1994,2026
"DMC","09-22",2001-09-22,11.8058823529412,6.85031665219164,30.2,NA,98.3,2020-06-23,NA,9,"702FHL8","STE-ANNE-DE-BELLEVUE+1",1994,2026
"DMC","09-23",2001-09-23,12.1823529411765,7.01215331532669,27.5,NA,98.3,2020-06-23,NA,9,"702FHL8","STE-ANNE-DE-BELLEVUE+1",1994,2026
"DMC","09-24",2001-09-24,12.3,7.3893504450662,29,NA,98.3,2020-06-23,NA,9,"702FHL8","STE-ANNE-DE-BELLEVUE+1",1994,2026
"DMC","09-25",2001-09-25,13.1352941176471,7.95557518163132,31.2,NA,98.3,2020-06-23,NA,9,"702FHL8","STE-ANNE-DE-BELLEVUE+1",1994,2026
"DMC","09-26",2001-09-26,13.4352941176471,8.03834102726354,30.9,NA,98.3,2020-06-23,NA,9,"702FHL8","STE-ANNE-DE-BELLEVUE+1",1994,2026
"DMC","09-27",2001-09-27,12.5,8.31594853278927,33.2,NA,98.3,2020-06-23,NA,9,"702FHL8","STE-ANNE-DE-BELLEVUE+1",1994,2026
"DMC","09-28",2001-09-28,12.3235294117647,7.74011703817881,25.5,NA,98.3,2020-06-23,NA,9,"702FHL8","STE-ANNE-DE-BELLEVUE+1",1994,2026
"DMC","09-29",2001-09-29,11.8823529411765,8.63772505452952,26.7,NA,98.3,2020-06-23,NA,9,"702FHL8","STE-ANNE-DE-BELLEVUE+1",1994,2026
"DMC","09-30",2001-09-30,9.95294117647059,8.03236559544096,28,NA,98.3,2020-06-23,NA,9,"702FHL8","STE-ANNE-DE-BELLEVUE+1",1994,2026
"DMC","10-01",2001-10-01,9.50588235294118,8.56887321853312,29.5,NA,98.3,2020-06-23,NA,10,"702FHL8","STE-ANNE-DE-BELLEVUE+1",1994,2026
"DMC","10-02",2001-10-02,9.55294117647059,9.35595516549879,30.9,NA,98.3,2020-06-23,NA,10,"702FHL8","STE-ANNE-DE-BELLEVUE+1",1994,2026
"DMC","10-03",2001-10-03,10.0647058823529,9.9239571981437,32.4,NA,98.3,2020-06-23,NA,10,"702FHL8","STE-ANNE-DE-BELLEVUE+1",1994,2026
"DMC","10-04",2001-10-04,9.52352941176471,10.0764285222844,34.2,NA,98.3,2020-06-23,NA,10,"702FHL8","STE-ANNE-DE-BELLEVUE+1",1994,2026
"DMC","10-05",2001-10-05,9.02352941176471,8.39750925957845,36.4,NA,98.3,2020-06-23,NA,10,"702FHL8","STE-ANNE-DE-BELLEVUE+1",1994,2026
"DMC","10-06",2001-10-06,9.14705882352941,8.95894229576369,37.7,NA,98.3,2020-06-23,NA,10,"702FHL8","STE-ANNE-DE-BELLEVUE+1",1994,2026
"DMC","10-07",2001-10-07,8.70588235294118,8.89975214459898,32.8,NA,98.3,2020-06-23,NA,10,"702FHL8","STE-ANNE-DE-BELLEVUE+1",1994,2026
"DMC","10-08",2001-10-08,7.1,5.79417811255401,21.8,NA,98.3,2020-06-23,NA,10,"702FHL8","STE-ANNE-DE-BELLEVUE+1",1994,2026
"DMC","10-09",2001-10-09,6.17647058823529,3.60477624336184,14.2,NA,98.3,2020-06-23,NA,10,"702FHL8","STE-ANNE-DE-BELLEVUE+1",1994,2026
"DMC","10-10",2001-10-10,6.38235294117647,4.04895592932883,15.1,NA,98.3,2020-06-23,NA,10,"702FHL8","STE-ANNE-DE-BELLEVUE+1",1994,2026
"DMC","10-11",2001-10-11,6.87647058823529,4.42345021049247,15.9,NA,98.3,2020-06-23,NA,10,"702FHL8","STE-ANNE-DE-BELLEVUE+1",1994,2026
"DMC","10-12",2001-10-12,7.9,4.57684389071771,17.4,NA,98.3,2020-06-23,NA,10,"702FHL8","STE-ANNE-DE-BELLEVUE+1",1994,2026
"DMC","10-13",2001-10-13,8.00588235294118,4.64293422689727,18.1,NA,98.3,2020-06-23,NA,10,"702FHL8","STE-ANNE-DE-BELLEVUE+1",1994,2026
"DMC","10-14",2001-10-14,7.07058823529412,5.03956405677643,17.3,NA,98.3,2020-06-23,NA,10,"702FHL8","STE-ANNE-DE-BELLEVUE+1",1994,2026
"DMC","10-15",2001-10-15,6.87058823529412,5.32667399812988,17.9,NA,98.3,2020-06-23,NA,10,"702FHL8","STE-ANNE-DE-BELLEVUE+1",1994,2026
"DMC","10-16",2001-10-16,6.12941176470588,5.79167125123249,19,NA,98.3,2020-06-23,NA,10,"702FHL8","STE-ANNE-DE-BELLEVUE+1",1994,2026
"DMC","10-17",2001-10-17,5.31764705882353,5.41874469943428,20,NA,98.3,2020-06-23,NA,10,"702FHL8","STE-ANNE-DE-BELLEVUE+1",1994,2026
"DMC","10-18",2001-10-18,5.47647058823529,5.64463566270719,21.1,NA,98.3,2020-06-23,NA,10,"702FHL8","STE-ANNE-DE-BELLEVUE+1",1994,2026
"DMC","10-19",2001-10-19,5.78823529411765,5.5317133820523,22.1,NA,98.3,2020-06-23,NA,10,"702FHL8","STE-ANNE-DE-BELLEVUE+1",1994,2026
"DMC","10-20",2001-10-20,5.1,5.19579156625822,22.7,NA,98.3,2020-06-23,NA,10,"702FHL8","STE-ANNE-DE-BELLEVUE+1",1994,2026
"DMC","10-21",2001-10-21,4.79411764705882,5.42303773131758,23.1,NA,98.3,2020-06-23,NA,10,"702FHL8","STE-ANNE-DE-BELLEVUE+1",1994,2026
"DMC","10-22",2001-10-22,4.43529411764706,3.75365508146237,19.1,NA,98.3,2020-06-23,NA,10,"702FHL8","STE-ANNE-DE-BELLEVUE+1",1994,2026
"DMC","10-23",2001-10-23,4.64705882352941,4.0370344386472,21.1,NA,98.3,2020-06-23,NA,10,"702FHL8","STE-ANNE-DE-BELLEVUE+1",1994,2026
"DMC","10-24",2001-10-24,4.88235294117647,4.18034617198708,21.8,NA,98.3,2020-06-23,NA,10,"702FHL8","STE-ANNE-DE-BELLEVUE+1",1994,2026
"DMC","10-25",2001-10-25,4.74117647058824,4.12614511734764,20.8,NA,98.3,2020-06-23,NA,10,"702FHL8","STE-ANNE-DE-BELLEVUE+1",1994,2026
"DMC","10-26",2001-10-26,4.95294117647059,4.40654593290749,16.2,NA,98.3,2020-06-23,NA,10,"702FHL8","STE-ANNE-DE-BELLEVUE+1",1994,2026
"DMC","10-27",2001-10-27,4.41176470588235,3.48584321810039,15.9,NA,98.3,2020-06-23,NA,10,"702FHL8","STE-ANNE-DE-BELLEVUE+1",1994,2026
"DMC","10-28",2001-10-28,3.83529411764706,3.15355774809789,12.8,NA,98.3,2020-06-23,NA,10,"702FHL8","STE-ANNE-DE-BELLEVUE+1",1994,2026
"DMC","10-29",2001-10-29,3.83529411764706,3.37007811045801,14.2,NA,98.3,2020-06-23,NA,10,"702FHL8","STE-ANNE-DE-BELLEVUE+1",1994,2026
"DMC","10-30",2001-10-30,3.95882352941177,3.6918929466348,15.3,NA,98.3,2020-06-23,NA,10,"702FHL8","STE-ANNE-DE-BELLEVUE+1",1994,2026
"DMC","10-31",2001-10-31,3.82352941176471,3.37981682413498,13.4,NA,98.3,2020-06-23,NA,10,"702FHL8","STE-ANNE-DE-BELLEVUE+1",1994,2026
"FFMC","04-01",2001-04-01,68.75,14.7785317267988,79.2,NA,94.7,1999-05-02,NA,4,"702FHL8","STE-ANNE-DE-BELLEVUE+1",1994,2026
"FFMC","04-02",2001-04-02,70,2.12132034355964,82.6,NA,94.7,1999-05-02,NA,4,"702FHL8","STE-ANNE-DE-BELLEVUE+1",1994,2026
"FFMC","04-03",2001-04-03,67.1333333333333,28.3875559591405,85,NA,94.7,1999-05-02,NA,4,"702FHL8","STE-ANNE-DE-BELLEVUE+1",1994,2026
"FFMC","04-04",2001-04-04,76.1666666666667,17.9962033032897,87.3,NA,94.7,1999-05-02,NA,4,"702FHL8","STE-ANNE-DE-BELLEVUE+1",1994,2026
"FFMC","04-05",2001-04-05,79.7333333333333,12.1615514361176,88.3,NA,94.7,1999-05-02,NA,4,"702FHL8","STE-ANNE-DE-BELLEVUE+1",1994,2026
"FFMC","04-06",2001-04-06,84.7333333333333,2.97040962382856,89.4,NA,94.7,1999-05-02,NA,4,"702FHL8","STE-ANNE-DE-BELLEVUE+1",1994,2026
"FFMC","04-07",2001-04-07,67.4666666666667,34.3536509461998,87.6,NA,94.7,1999-05-02,NA,4,"702FHL8","STE-ANNE-DE-BELLEVUE+1",1994,2026
"FFMC","04-08",2001-04-08,75.2,21.2205089477138,87.8,NA,94.7,1999-05-02,NA,4,"702FHL8","STE-ANNE-DE-BELLEVUE+1",1994,2026
"FFMC","04-09",2001-04-09,71.3333333333333,20.1060521568341,88.8,NA,94.7,1999-05-02,NA,4,"702FHL8","STE-ANNE-DE-BELLEVUE+1",1994,2026
"FFMC","04-10",2001-04-10,71.025,19.832191843902,88.7,NA,94.7,1999-05-02,NA,4,"702FHL8","STE-ANNE-DE-BELLEVUE+1",1994,2026
"FFMC","04-11",2001-04-11,73.3333333333333,16.209092098778,88.7,55.7,94.7,1999-05-02,NA,4,"702FHL8","STE-ANNE-DE-BELLEVUE+1",1994,2026
"FFMC","04-12",2001-04-12,80.7875,6.70978762704156,87.9,73.4,94.7,1999-05-02,NA,4,"702FHL8","STE-ANNE-DE-BELLEVUE+1",1994,2026
"FFMC","04-13",2001-04-13,74.9222222222222,18.4993092964155,89.4,26,94.7,1999-05-02,NA,4,"702FHL8","STE-ANNE-DE-BELLEVUE+1",1994,2026
"FFMC","04-14",2001-04-14,69.7555555555556,20.9338906507552,91,17.4,94.7,1999-05-02,NA,4,"702FHL8","STE-ANNE-DE-BELLEVUE+1",1994,2026
"FFMC","04-15",2001-04-15,74.0777777777778,24.2179570658725,92.3,19.5,94.7,1999-05-02,NA,4,"702FHL8","STE-ANNE-DE-BELLEVUE+1",1994,2026
"FFMC","04-16",2001-04-16,58.9333333333333,25.248514807806,89.9,27.8,94.7,1999-05-02,NA,4,"702FHL8","STE-ANNE-DE-BELLEVUE+1",1994,2026
"FFMC","04-17",2001-04-17,53.9111111111111,26.4318673406007,88.7,40,94.7,1999-05-02,NA,4,"702FHL8","STE-ANNE-DE-BELLEVUE+1",1994,2026
"FFMC","04-18",2001-04-18,65.3666666666667,20.0090604477072,88.4,77.1,94.7,1999-05-02,NA,4,"702FHL8","STE-ANNE-DE-BELLEVUE+1",1994,2026
"FFMC","04-19",2001-04-19,74.6333333333333,13.699087560856,90.5,49.6,94.7,1999-05-02,NA,4,"702FHL8","STE-ANNE-DE-BELLEVUE+1",1994,2026
"FFMC","04-20",2001-04-20,61.8777777777778,26.6701039451376,87.2,69.9,94.7,1999-05-02,NA,4,"702FHL8","STE-ANNE-DE-BELLEVUE+1",1994,2026
"FFMC","04-21",2001-04-21,61.27,27.4650100633111,89.1,81.2,94.7,1999-05-02,NA,4,"702FHL8","STE-ANNE-DE-BELLEVUE+1",1994,2026
"FFMC","04-22",2001-04-22,61,25.5460803690551,88,85.7,94.7,1999-05-02,NA,4,"702FHL8","STE-ANNE-DE-BELLEVUE+1",1994,2026
"FFMC","04-23",2001-04-23,69.12,24.2475565779317,92,89.5,94.7,1999-05-02,NA,4,"702FHL8","STE-ANNE-DE-BELLEVUE+1",1994,2026
"FFMC","04-24",2001-04-24,72.82,19.904371379172,91.8,89.5,94.7,1999-05-02,NA,4,"702FHL8","STE-ANNE-DE-BELLEVUE+1",1994,2026
"FFMC","04-25",2001-04-25,76.75,15.04838492626,91.6,89.5,94.7,1999-05-02,NA,4,"702FHL8","STE-ANNE-DE-BELLEVUE+1",1994,2026
"FFMC","04-26",2001-04-26,63.9,26.2440850478732,91.2,89.5,94.7,1999-05-02,NA,4,"702FHL8","STE-ANNE-DE-BELLEVUE+1",1994,2026
"FFMC","04-27",2001-04-27,55.8636363636364,28.8397736720409,90.8,90.5,94.7,1999-05-02,NA,4,"702FHL8","STE-ANNE-DE-BELLEVUE+1",1994,2026
"FFMC","04-28",2001-04-28,66.2083333333333,22.6221314940333,90.8,NA,94.7,1999-05-02,NA,4,"702FHL8","STE-ANNE-DE-BELLEVUE+1",1994,2026
"FFMC","04-29",2001-04-29,75.8230769230769,17.0630767959237,91.4,NA,94.7,1999-05-02,NA,4,"702FHL8","STE-ANNE-DE-BELLEVUE+1",1994,2026
"FFMC","04-30",2001-04-30,76.1,21.3544296731771,93.5,NA,94.7,1999-05-02,NA,4,"702FHL8","STE-ANNE-DE-BELLEVUE+1",1994,2026
"FFMC","05-01",2001-05-01,65.4153846153846,29.485472302866,93.6,NA,94.7,1999-05-02,NA,5,"702FHL8","STE-ANNE-DE-BELLEVUE+1",1994,2026
"FFMC","05-02",2001-05-02,74.3571428571428,17.5475053798238,94.7,NA,94.7,1999-05-02,NA,5,"702FHL8","STE-ANNE-DE-BELLEVUE+1",1994,2026
"FFMC","05-03",2001-05-03,71.1142857142857,21.4141885797121,94.3,NA,94.7,1999-05-02,NA,5,"702FHL8","STE-ANNE-DE-BELLEVUE+1",1994,2026
"FFMC","05-04",2001-05-04,64.6333333333334,25.5866501650112,94.3,NA,94.7,1999-05-02,NA,5,"702FHL8","STE-ANNE-DE-BELLEVUE+1",1994,2026
"FFMC","05-05",2001-05-05,67.88,23.9069983776419,92,NA,94.7,1999-05-02,NA,5,"702FHL8","STE-ANNE-DE-BELLEVUE+1",1994,2026
"FFMC","05-06",2001-05-06,75.06875,17.5726575015467,93.8,NA,94.7,1999-05-02,NA,5,"702FHL8","STE-ANNE-DE-BELLEVUE+1",1994,2026
"FFMC","05-07",2001-05-07,81.2764705882353,15.5934092412373,93.9,NA,94.7,1999-05-02,NA,5,"702FHL8","STE-ANNE-DE-BELLEVUE+1",1994,2026
"FFMC","05-08",2001-05-08,73.8176470588235,21.115788976916,94,NA,94.7,1999-05-02,NA,5,"702FHL8","STE-ANNE-DE-BELLEVUE+1",1994,2026
"FFMC","05-09",2001-05-09,76.3882352941176,17.2907808655704,92,NA,94.7,1999-05-02,NA,5,"702FHL8","STE-ANNE-DE-BELLEVUE+1",1994,2026
"FFMC","05-10",2001-05-10,71.9647058823529,22.6334912567767,93.2,NA,94.7,1999-05-02,NA,5,"702FHL8","STE-ANNE-DE-BELLEVUE+1",1994,2026
"FFMC","05-11",2001-05-11,70.3705882352941,25.4621475112048,93.5,NA,94.7,1999-05-02,NA,5,"702FHL8","STE-ANNE-DE-BELLEVUE+1",1994,2026
"FFMC","05-12",2001-05-12,72.5941176470588,26.0537298334671,93.8,NA,94.7,1999-05-02,NA,5,"702FHL8","STE-ANNE-DE-BELLEVUE+1",1994,2026
"FFMC","05-13",2001-05-13,75.9375,14.8447016361619,91.7,NA,94.7,1999-05-02,NA,5,"702FHL8","STE-ANNE-DE-BELLEVUE+1",1994,2026
"FFMC","05-14",2001-05-14,72.5823529411765,21.791776983937,92.7,NA,94.7,1999-05-02,NA,5,"702FHL8","STE-ANNE-DE-BELLEVUE+1",1994,2026
"FFMC","05-15",2001-05-15,73.8470588235294,20.3432150128445,92.8,NA,94.7,1999-05-02,NA,5,"702FHL8","STE-ANNE-DE-BELLEVUE+1",1994,2026
"FFMC","05-16",2001-05-16,70.8529411764706,26.6485486857882,92.6,NA,94.7,1999-05-02,NA,5,"702FHL8","STE-ANNE-DE-BELLEVUE+1",1994,2026
"FFMC","05-17",2001-05-17,72.4529411764706,24.8639075179028,92.7,NA,94.7,1999-05-02,NA,5,"702FHL8","STE-ANNE-DE-BELLEVUE+1",1994,2026
"FFMC","05-18",2001-05-18,79.2411764705883,16.4134875492508,91.6,NA,94.7,1999-05-02,NA,5,"702FHL8","STE-ANNE-DE-BELLEVUE+1",1994,2026
"FFMC","05-19",2001-05-19,78.2647058823529,17.9046411991581,91.6,NA,94.7,1999-05-02,NA,5,"702FHL8","STE-ANNE-DE-BELLEVUE+1",1994,2026
"FFMC","05-20",2001-05-20,77.5294117647059,14.0870403521234,93.3,NA,94.7,1999-05-02,NA,5,"702FHL8","STE-ANNE-DE-BELLEVUE+1",1994,2026
"FFMC","05-21",2001-05-21,84.8529411764706,6.7725657662974,93.4,NA,94.7,1999-05-02,NA,5,"702FHL8","STE-ANNE-DE-BELLEVUE+1",1994,2026
"FFMC","05-22",2001-05-22,78.0117647058824,20.9992524376745,92.9,NA,94.7,1999-05-02,NA,5,"702FHL8","STE-ANNE-DE-BELLEVUE+1",1994,2026
"FFMC","05-23",2001-05-23,79.3823529411765,17.3696659184236,93,NA,94.7,1999-05-02,NA,5,"702FHL8","STE-ANNE-DE-BELLEVUE+1",1994,2026
"FFMC","05-24",2001-05-24,76.7058823529412,18.8421558807716,92.2,NA,94.7,1999-05-02,NA,5,"702FHL8","STE-ANNE-DE-BELLEVUE+1",1994,2026
"FFMC","05-25",2001-05-25,80.5117647058823,11.5752906201605,92.1,NA,94.7,1999-05-02,NA,5,"702FHL8","STE-ANNE-DE-BELLEVUE+1",1994,2026
"FFMC","05-26",2001-05-26,68.6,23.3265138844192,91.3,NA,94.7,1999-05-02,NA,5,"702FHL8","STE-ANNE-DE-BELLEVUE+1",1994,2026
"FFMC","05-27",2001-05-27,75.0764705882353,18.6567524442146,93.2,NA,94.7,1999-05-02,NA,5,"702FHL8","STE-ANNE-DE-BELLEVUE+1",1994,2026
"FFMC","05-28",2001-05-28,74.4470588235294,20.427772689621,92.4,NA,94.7,1999-05-02,NA,5,"702FHL8","STE-ANNE-DE-BELLEVUE+1",1994,2026
"FFMC","05-29",2001-05-29,66.5411764705882,23.541985335341,92.7,NA,94.7,1999-05-02,NA,5,"702FHL8","STE-ANNE-DE-BELLEVUE+1",1994,2026
"FFMC","05-30",2001-05-30,73.5588235294118,15.4162276037107,91.6,NA,94.7,1999-05-02,NA,5,"702FHL8","STE-ANNE-DE-BELLEVUE+1",1994,2026
"FFMC","05-31",2001-05-31,75.9235294117647,18.9765819304928,93.2,NA,94.7,1999-05-02,NA,5,"702FHL8","STE-ANNE-DE-BELLEVUE+1",1994,2026
"FFMC","06-01",2001-06-01,77.3235294117647,17.3082180412862,92.3,NA,94.7,1999-05-02,NA,6,"702FHL8","STE-ANNE-DE-BELLEVUE+1",1994,2026
"FFMC","06-02",2001-06-02,66.1941176470588,21.7869648697402,92,NA,94.7,1999-05-02,NA,6,"702FHL8","STE-ANNE-DE-BELLEVUE+1",1994,2026
"FFMC","06-03",2001-06-03,64.7352941176471,21.7219342248932,91.7,NA,94.7,1999-05-02,NA,6,"702FHL8","STE-ANNE-DE-BELLEVUE+1",1994,2026
"FFMC","06-04",2001-06-04,71.4470588235294,18.6485628684578,91.2,NA,94.7,1999-05-02,NA,6,"702FHL8","STE-ANNE-DE-BELLEVUE+1",1994,2026
"FFMC","06-05",2001-06-05,72.9,21.4479602759796,90.7,NA,94.7,1999-05-02,NA,6,"702FHL8","STE-ANNE-DE-BELLEVUE+1",1994,2026
"FFMC","06-06",2001-06-06,67.7882352941177,23.0333964699342,90.7,NA,94.7,1999-05-02,NA,6,"702FHL8","STE-ANNE-DE-BELLEVUE+1",1994,2026
"FFMC","06-07",2001-06-07,71.0294117647059,21.2588735798102,90.7,NA,94.7,1999-05-02,NA,6,"702FHL8","STE-ANNE-DE-BELLEVUE+1",1994,2026
"FFMC","06-08",2001-06-08,74.1882352941176,22.6331306482593,90.7,NA,94.7,1999-05-02,NA,6,"702FHL8","STE-ANNE-DE-BELLEVUE+1",1994,2026
"FFMC","06-09",2001-06-09,78.9,17.9664618108296,93.8,NA,94.7,1999-05-02,NA,6,"702FHL8","STE-ANNE-DE-BELLEVUE+1",1994,2026
"FFMC","06-10",2001-06-10,80.8529411764706,16.8402463479257,93.9,NA,94.7,1999-05-02,NA,6,"702FHL8","STE-ANNE-DE-BELLEVUE+1",1994,2026
"FFMC","06-11",2001-06-11,75.5294117647059,20.3006392973806,91,NA,94.7,1999-05-02,NA,6,"702FHL8","STE-ANNE-DE-BELLEVUE+1",1994,2026
"FFMC","06-12",2001-06-12,70.964705882353,21.3423271100081,91.7,NA,94.7,1999-05-02,NA,6,"702FHL8","STE-ANNE-DE-BELLEVUE+1",1994,2026
"FFMC","06-13",2001-06-13,68.5941176470588,22.4351696725319,91.8,NA,94.7,1999-05-02,NA,6,"702FHL8","STE-ANNE-DE-BELLEVUE+1",1994,2026
"FFMC","06-14",2001-06-14,70.7470588235294,21.2634403862316,91.3,NA,94.7,1999-05-02,NA,6,"702FHL8","STE-ANNE-DE-BELLEVUE+1",1994,2026
"FFMC","06-15",2001-06-15,78.3176470588235,18.0220779633661,93.1,NA,94.7,1999-05-02,NA,6,"702FHL8","STE-ANNE-DE-BELLEVUE+1",1994,2026
"FFMC","06-16",2001-06-16,74.2235294117647,25.0691426212526,91.9,NA,94.7,1999-05-02,NA,6,"702FHL8","STE-ANNE-DE-BELLEVUE+1",1994,2026
"FFMC","06-17",2001-06-17,76.1058823529412,18.4675211719195,92.1,NA,94.7,1999-05-02,NA,6,"702FHL8","STE-ANNE-DE-BELLEVUE+1",1994,2026
"FFMC","06-18",2001-06-18,77.5176470588235,17.1717149439899,92.2,NA,94.7,1999-05-02,NA,6,"702FHL8","STE-ANNE-DE-BELLEVUE+1",1994,2026
"FFMC","06-19",2001-06-19,82.5,10.9064201276129,92.2,NA,94.7,1999-05-02,NA,6,"702FHL8","STE-ANNE-DE-BELLEVUE+1",1994,2026
"FFMC","06-20",2001-06-20,82.6470588235294,9.62328670771185,92.3,NA,94.7,1999-05-02,NA,6,"702FHL8","STE-ANNE-DE-BELLEVUE+1",1994,2026
"FFMC","06-21",2001-06-21,81.1588235294118,17.637745704296,91.9,NA,94.7,1999-05-02,NA,6,"702FHL8","STE-ANNE-DE-BELLEVUE+1",1994,2026
"FFMC","06-22",2001-06-22,82.3941176470588,11.6084274660823,93,NA,94.7,1999-05-02,NA,6,"702FHL8","STE-ANNE-DE-BELLEVUE+1",1994,2026
"FFMC","06-23",2001-06-23,77.8764705882353,15.3747166401435,92.7,NA,94.7,1999-05-02,NA,6,"702FHL8","STE-ANNE-DE-BELLEVUE+1",1994,2026
"FFMC","06-24",2001-06-24,75.6647058823529,16.0692618520761,92.8,NA,94.7,1999-05-02,NA,6,"702FHL8","STE-ANNE-DE-BELLEVUE+1",1994,2026
"FFMC","06-25",2001-06-25,61.7411764705882,23.8828667359974,91.8,NA,94.7,1999-05-02,NA,6,"702FHL8","STE-ANNE-DE-BELLEVUE+1",1994,2026
"FFMC","06-26",2001-06-26,71.2235294117647,20.4786330541056,91.8,NA,94.7,1999-05-02,NA,6,"702FHL8","STE-ANNE-DE-BELLEVUE+1",1994,2026
"FFMC","06-27",2001-06-27,72.5176470588235,21.9707258441237,90.9,NA,94.7,1999-05-02,NA,6,"702FHL8","STE-ANNE-DE-BELLEVUE+1",1994,2026
"FFMC","06-28",2001-06-28,67.1,27.7271302157291,90.3,NA,94.7,1999-05-02,NA,6,"702FHL8","STE-ANNE-DE-BELLEVUE+1",1994,2026
"FFMC","06-29",2001-06-29,65.7705882352941,22.5814848024295,89.8,NA,94.7,1999-05-02,NA,6,"702FHL8","STE-ANNE-DE-BELLEVUE+1",1994,2026
"FFMC","06-30",2001-06-30,69.7,22.3778350159259,89.8,NA,94.7,1999-05-02,NA,6,"702FHL8","STE-ANNE-DE-BELLEVUE+1",1994,2026
"FFMC","07-01",2001-07-01,69.7411764705882,22.4600494997097,89.8,NA,94.7,1999-05-02,NA,7,"702FHL8","STE-ANNE-DE-BELLEVUE+1",1994,2026
"FFMC","07-02",2001-07-02,77.0529411764706,15.1810374170813,89.3,NA,94.7,1999-05-02,NA,7,"702FHL8","STE-ANNE-DE-BELLEVUE+1",1994,2026
"FFMC","07-03",2001-07-03,80.1882352941176,15.9661705784818,89.9,NA,94.7,1999-05-02,NA,7,"702FHL8","STE-ANNE-DE-BELLEVUE+1",1994,2026
"FFMC","07-04",2001-07-04,75.3117647058824,25.6855232171972,92.5,NA,94.7,1999-05-02,NA,7,"702FHL8","STE-ANNE-DE-BELLEVUE+1",1994,2026
"FFMC","07-05",2001-07-05,80.735294117647,11.2918632860387,92.1,NA,94.7,1999-05-02,NA,7,"702FHL8","STE-ANNE-DE-BELLEVUE+1",1994,2026
"FFMC","07-06",2001-07-06,82.0705882352941,6.98165137215781,92.2,NA,94.7,1999-05-02,NA,7,"702FHL8","STE-ANNE-DE-BELLEVUE+1",1994,2026
"FFMC","07-07",2001-07-07,76.4705882352941,14.7986808831853,92.3,NA,94.7,1999-05-02,NA,7,"702FHL8","STE-ANNE-DE-BELLEVUE+1",1994,2026
"FFMC","07-08",2001-07-08,75.2823529411765,16.2573919838837,90.8,NA,94.7,1999-05-02,NA,7,"702FHL8","STE-ANNE-DE-BELLEVUE+1",1994,2026
"FFMC","07-09",2001-07-09,73.9176470588235,18.0554436145348,91.1,NA,94.7,1999-05-02,NA,7,"702FHL8","STE-ANNE-DE-BELLEVUE+1",1994,2026
"FFMC","07-10",2001-07-10,77.2941176470588,17.1978367312664,91.5,NA,94.7,1999-05-02,NA,7,"702FHL8","STE-ANNE-DE-BELLEVUE+1",1994,2026
"FFMC","07-11",2001-07-11,78.3529411764706,17.9715788693933,92.3,NA,94.7,1999-05-02,NA,7,"702FHL8","STE-ANNE-DE-BELLEVUE+1",1994,2026
"FFMC","07-12",2001-07-12,83.1352941176471,11.1128833553938,92.4,NA,94.7,1999-05-02,NA,7,"702FHL8","STE-ANNE-DE-BELLEVUE+1",1994,2026
"FFMC","07-13",2001-07-13,76.8294117647059,21.2517577127717,92.5,NA,94.7,1999-05-02,NA,7,"702FHL8","STE-ANNE-DE-BELLEVUE+1",1994,2026
"FFMC","07-14",2001-07-14,75.3588235294118,17.6540738507975,92.3,NA,94.7,1999-05-02,NA,7,"702FHL8","STE-ANNE-DE-BELLEVUE+1",1994,2026
"FFMC","07-15",2001-07-15,75.5235294117647,17.864158579813,90.3,NA,94.7,1999-05-02,NA,7,"702FHL8","STE-ANNE-DE-BELLEVUE+1",1994,2026
"FFMC","07-16",2001-07-16,79.9470588235294,10.1410131179692,90.8,NA,94.7,1999-05-02,NA,7,"702FHL8","STE-ANNE-DE-BELLEVUE+1",1994,2026
"FFMC","07-17",2001-07-17,70.9470588235294,21.2213076189669,90.3,NA,94.7,1999-05-02,NA,7,"702FHL8","STE-ANNE-DE-BELLEVUE+1",1994,2026
"FFMC","07-18",2001-07-18,74.5294117647059,13.7390303836316,88.5,NA,94.7,1999-05-02,NA,7,"702FHL8","STE-ANNE-DE-BELLEVUE+1",1994,2026
"FFMC","07-19",2001-07-19,73.5705882352941,21.3875771391327,90,NA,94.7,1999-05-02,NA,7,"702FHL8","STE-ANNE-DE-BELLEVUE+1",1994,2026
"FFMC","07-20",2001-07-20,77.2470588235294,15.1562741813027,91.1,NA,94.7,1999-05-02,NA,7,"702FHL8","STE-ANNE-DE-BELLEVUE+1",1994,2026
"FFMC","07-21",2001-07-21,78.7294117647059,16.3120647338819,91.1,NA,94.7,1999-05-02,NA,7,"702FHL8","STE-ANNE-DE-BELLEVUE+1",1994,2026
"FFMC","07-22",2001-07-22,80.1058823529412,13.2973432773353,90.4,NA,94.7,1999-05-02,NA,7,"702FHL8","STE-ANNE-DE-BELLEVUE+1",1994,2026
"FFMC","07-23",2001-07-23,76.1235294117647,19.3695485689447,90.4,NA,94.7,1999-05-02,NA,7,"702FHL8","STE-ANNE-DE-BELLEVUE+1",1994,2026
"FFMC","07-24",2001-07-24,71.8117647058824,15.934039128268,91.4,NA,94.7,1999-05-02,NA,7,"702FHL8","STE-ANNE-DE-BELLEVUE+1",1994,2026
"FFMC","07-25",2001-07-25,78.0058823529412,13.5075196922046,90.4,NA,94.7,1999-05-02,NA,7,"702FHL8","STE-ANNE-DE-BELLEVUE+1",1994,2026
"FFMC","07-26",2001-07-26,78.0882352941176,12.6653998334508,89.6,NA,94.7,1999-05-02,NA,7,"702FHL8","STE-ANNE-DE-BELLEVUE+1",1994,2026
"FFMC","07-27",2001-07-27,76.6176470588235,17.1896856899027,89.5,NA,94.7,1999-05-02,NA,7,"702FHL8","STE-ANNE-DE-BELLEVUE+1",1994,2026
"FFMC","07-28",2001-07-28,78.3941176470588,13.2700070925111,88.8,NA,94.7,1999-05-02,NA,7,"702FHL8","STE-ANNE-DE-BELLEVUE+1",1994,2026
"FFMC","07-29",2001-07-29,76.3588235294118,13.4886090287105,88.2,NA,94.7,1999-05-02,NA,7,"702FHL8","STE-ANNE-DE-BELLEVUE+1",1994,2026
"FFMC","07-30",2001-07-30,74.4411764705882,14.3150732980803,89.2,NA,94.7,1999-05-02,NA,7,"702FHL8","STE-ANNE-DE-BELLEVUE+1",1994,2026
"FFMC","07-31",2001-07-31,77.4588235294118,18.4211175971875,90.1,NA,94.7,1999-05-02,NA,7,"702FHL8","STE-ANNE-DE-BELLEVUE+1",1994,2026
"FFMC","08-01",2001-08-01,77.2235294117647,19.7816685788815,90.2,NA,94.7,1999-05-02,NA,8,"702FHL8","STE-ANNE-DE-BELLEVUE+1",1994,2026
"FFMC","08-02",2001-08-02,70.3352941176471,23.9556867250886,90.5,NA,94.7,1999-05-02,NA,8,"702FHL8","STE-ANNE-DE-BELLEVUE+1",1994,2026
"FFMC","08-03",2001-08-03,73.0411764705882,19.3644022249439,90.5,NA,94.7,1999-05-02,NA,8,"702FHL8","STE-ANNE-DE-BELLEVUE+1",1994,2026
"FFMC","08-04",2001-08-04,68.6823529411764,24.4767041105956,90.5,NA,94.7,1999-05-02,NA,8,"702FHL8","STE-ANNE-DE-BELLEVUE+1",1994,2026
"FFMC","08-05",2001-08-05,74.8764705882353,15.9194664409554,90.5,NA,94.7,1999-05-02,NA,8,"702FHL8","STE-ANNE-DE-BELLEVUE+1",1994,2026
"FFMC","08-06",2001-08-06,76.4529411764706,19.3290945742118,90.6,NA,94.7,1999-05-02,NA,8,"702FHL8","STE-ANNE-DE-BELLEVUE+1",1994,2026
"FFMC","08-07",2001-08-07,79.8117647058824,12.3490830809893,89.9,NA,94.7,1999-05-02,NA,8,"702FHL8","STE-ANNE-DE-BELLEVUE+1",1994,2026
"FFMC","08-08",2001-08-08,78.0529411764706,17.4010099436448,90.8,NA,94.7,1999-05-02,NA,8,"702FHL8","STE-ANNE-DE-BELLEVUE+1",1994,2026
"FFMC","08-09",2001-08-09,78.3941176470588,14.4740487851635,90.8,NA,94.7,1999-05-02,NA,8,"702FHL8","STE-ANNE-DE-BELLEVUE+1",1994,2026
"FFMC","08-10",2001-08-10,77.6117647058824,13.1838387027897,90.7,NA,94.7,1999-05-02,NA,8,"702FHL8","STE-ANNE-DE-BELLEVUE+1",1994,2026
"FFMC","08-11",2001-08-11,76.3,18.8518235192249,92.2,NA,94.7,1999-05-02,NA,8,"702FHL8","STE-ANNE-DE-BELLEVUE+1",1994,2026
"FFMC","08-12",2001-08-12,75.6,15.956111681735,92.3,NA,94.7,1999-05-02,NA,8,"702FHL8","STE-ANNE-DE-BELLEVUE+1",1994,2026
"FFMC","08-13",2001-08-13,67.3705882352941,23.4194567802576,87.8,NA,94.7,1999-05-02,NA,8,"702FHL8","STE-ANNE-DE-BELLEVUE+1",1994,2026
"FFMC","08-14",2001-08-14,72.8823529411765,17.0257611905502,89.4,NA,94.7,1999-05-02,NA,8,"702FHL8","STE-ANNE-DE-BELLEVUE+1",1994,2026
"FFMC","08-15",2001-08-15,70.0294117647059,14.617359743892,89.4,NA,94.7,1999-05-02,NA,8,"702FHL8","STE-ANNE-DE-BELLEVUE+1",1994,2026
"FFMC","08-16",2001-08-16,76.2352941176471,9.88072246703591,89.6,NA,94.7,1999-05-02,NA,8,"702FHL8","STE-ANNE-DE-BELLEVUE+1",1994,2026
"FFMC","08-17",2001-08-17,76.0941176470588,11.4576104941342,88.8,NA,94.7,1999-05-02,NA,8,"702FHL8","STE-ANNE-DE-BELLEVUE+1",1994,2026
"FFMC","08-18",2001-08-18,78.0117647058824,16.4809314949482,88.8,NA,94.7,1999-05-02,NA,8,"702FHL8","STE-ANNE-DE-BELLEVUE+1",1994,2026
"FFMC","08-19",2001-08-19,83.6470588235294,8.37668771405641,88.8,NA,94.7,1999-05-02,NA,8,"702FHL8","STE-ANNE-DE-BELLEVUE+1",1994,2026
"FFMC","08-20",2001-08-20,84.6882352941176,5.13759213456814,89.2,NA,94.7,1999-05-02,NA,8,"702FHL8","STE-ANNE-DE-BELLEVUE+1",1994,2026
"FFMC","08-21",2001-08-21,70.1235294117647,21.7266693665805,89.3,NA,94.7,1999-05-02,NA,8,"702FHL8","STE-ANNE-DE-BELLEVUE+1",1994,2026
"FFMC","08-22",2001-08-22,70.8117647058824,20.1049086777627,89.3,NA,94.7,1999-05-02,NA,8,"702FHL8","STE-ANNE-DE-BELLEVUE+1",1994,2026
"FFMC","08-23",2001-08-23,71.6941176470588,17.1819844091215,89.3,NA,94.7,1999-05-02,NA,8,"702FHL8","STE-ANNE-DE-BELLEVUE+1",1994,2026
"FFMC","08-24",2001-08-24,79.8705882352941,12.6319418888132,89.5,NA,94.7,1999-05-02,NA,8,"702FHL8","STE-ANNE-DE-BELLEVUE+1",1994,2026
"FFMC","08-25",2001-08-25,78.7529411764706,17.792488501017,89.8,NA,94.7,1999-05-02,NA,8,"702FHL8","STE-ANNE-DE-BELLEVUE+1",1994,2026
"FFMC","08-26",2001-08-26,78.8235294117647,16.5346049775828,90.2,NA,94.7,1999-05-02,NA,8,"702FHL8","STE-ANNE-DE-BELLEVUE+1",1994,2026
"FFMC","08-27",2001-08-27,79.5235294117647,17.9001581491535,89.7,NA,94.7,1999-05-02,NA,8,"702FHL8","STE-ANNE-DE-BELLEVUE+1",1994,2026
"FFMC","08-28",2001-08-28,81.3705882352941,13.3436204188501,89.7,NA,94.7,1999-05-02,NA,8,"702FHL8","STE-ANNE-DE-BELLEVUE+1",1994,2026
"FFMC","08-29",2001-08-29,75.8588235294118,22.4203885677615,90.3,NA,94.7,1999-05-02,NA,8,"702FHL8","STE-ANNE-DE-BELLEVUE+1",1994,2026
"FFMC","08-30",2001-08-30,80.9529411764706,10.3570095615879,89.2,NA,94.7,1999-05-02,NA,8,"702FHL8","STE-ANNE-DE-BELLEVUE+1",1994,2026
"FFMC","08-31",2001-08-31,73.0588235294118,17.4127129859023,90.4,NA,94.7,1999-05-02,NA,8,"702FHL8","STE-ANNE-DE-BELLEVUE+1",1994,2026
"FFMC","09-01",2001-09-01,80.2235294117647,10.1089396953739,91.5,NA,94.7,1999-05-02,NA,9,"702FHL8","STE-ANNE-DE-BELLEVUE+1",1994,2026
"FFMC","09-02",2001-09-02,77.3058823529412,17.3860745493425,91.5,NA,94.7,1999-05-02,NA,9,"702FHL8","STE-ANNE-DE-BELLEVUE+1",1994,2026
"FFMC","09-03",2001-09-03,73.9588235294118,19.8076392719933,91.5,NA,94.7,1999-05-02,NA,9,"702FHL8","STE-ANNE-DE-BELLEVUE+1",1994,2026
"FFMC","09-04",2001-09-04,78.6294117647059,14.4270043973915,91.3,NA,94.7,1999-05-02,NA,9,"702FHL8","STE-ANNE-DE-BELLEVUE+1",1994,2026
"FFMC","09-05",2001-09-05,80.4823529411765,13.1534803043775,91.3,NA,94.7,1999-05-02,NA,9,"702FHL8","STE-ANNE-DE-BELLEVUE+1",1994,2026
"FFMC","09-06",2001-09-06,78.9,15.913005687173,90.6,NA,94.7,1999-05-02,NA,9,"702FHL8","STE-ANNE-DE-BELLEVUE+1",1994,2026
"FFMC","09-07",2001-09-07,69.8117647058824,23.8264527981229,88.5,NA,94.7,1999-05-02,NA,9,"702FHL8","STE-ANNE-DE-BELLEVUE+1",1994,2026
"FFMC","09-08",2001-09-08,62.8647058823529,18.5756541330471,88.8,NA,94.7,1999-05-02,NA,9,"702FHL8","STE-ANNE-DE-BELLEVUE+1",1994,2026
"FFMC","09-09",2001-09-09,69.4058823529412,15.8445365421427,88.9,NA,94.7,1999-05-02,NA,9,"702FHL8","STE-ANNE-DE-BELLEVUE+1",1994,2026
"FFMC","09-10",2001-09-10,73.6058823529412,14.0192488470422,88.9,NA,94.7,1999-05-02,NA,9,"702FHL8","STE-ANNE-DE-BELLEVUE+1",1994,2026
"FFMC","09-11",2001-09-11,74.1882352941176,12.0320344473068,88.1,NA,94.7,1999-05-02,NA,9,"702FHL8","STE-ANNE-DE-BELLEVUE+1",1994,2026
"FFMC","09-12",2001-09-12,73.235294117647,19.5622704835249,88.8,NA,94.7,1999-05-02,NA,9,"702FHL8","STE-ANNE-DE-BELLEVUE+1",1994,2026
"FFMC","09-13",2001-09-13,68.5529411764706,21.6026363451044,89.2,NA,94.7,1999-05-02,NA,9,"702FHL8","STE-ANNE-DE-BELLEVUE+1",1994,2026
"FFMC","09-14",2001-09-14,60.8352941176471,20.7584603588654,89.2,NA,94.7,1999-05-02,NA,9,"702FHL8","STE-ANNE-DE-BELLEVUE+1",1994,2026
"FFMC","09-15",2001-09-15,70.0823529411765,16.6581524821226,86.2,NA,94.7,1999-05-02,NA,9,"702FHL8","STE-ANNE-DE-BELLEVUE+1",1994,2026
"FFMC","09-16",2001-09-16,68.6764705882353,24.0244804681539,86.6,NA,94.7,1999-05-02,NA,9,"702FHL8","STE-ANNE-DE-BELLEVUE+1",1994,2026
"FFMC","09-17",2001-09-17,70.0941176470588,21.0106065651445,89.1,NA,94.7,1999-05-02,NA,9,"702FHL8","STE-ANNE-DE-BELLEVUE+1",1994,2026
"FFMC","09-18",2001-09-18,75.5235294117647,13.9394910870055,87.6,NA,94.7,1999-05-02,NA,9,"702FHL8","STE-ANNE-DE-BELLEVUE+1",1994,2026
"FFMC","09-19",2001-09-19,81.5882352941177,9.94484051863963,88.6,NA,94.7,1999-05-02,NA,9,"702FHL8","STE-ANNE-DE-BELLEVUE+1",1994,2026
"FFMC","09-20",2001-09-20,77.1,17.6371412082571,87.8,NA,94.7,1999-05-02,NA,9,"702FHL8","STE-ANNE-DE-BELLEVUE+1",1994,2026
"FFMC","09-21",2001-09-21,80.1294117647059,10.6075306213253,88.2,NA,94.7,1999-05-02,NA,9,"702FHL8","STE-ANNE-DE-BELLEVUE+1",1994,2026
"FFMC","09-22",2001-09-22,72.6705882352941,17.3983750931618,88.2,NA,94.7,1999-05-02,NA,9,"702FHL8","STE-ANNE-DE-BELLEVUE+1",1994,2026
"FFMC","09-23",2001-09-23,74.8882352941177,10.7385917578226,87.7,NA,94.7,1999-05-02,NA,9,"702FHL8","STE-ANNE-DE-BELLEVUE+1",1994,2026
"FFMC","09-24",2001-09-24,74.9470588235294,15.9812044933673,87.7,NA,94.7,1999-05-02,NA,9,"702FHL8","STE-ANNE-DE-BELLEVUE+1",1994,2026
"FFMC","09-25",2001-09-25,78.5294117647059,11.1671820922896,88.3,NA,94.7,1999-05-02,NA,9,"702FHL8","STE-ANNE-DE-BELLEVUE+1",1994,2026
"FFMC","09-26",2001-09-26,76.2823529411765,15.1315165835301,87.7,NA,94.7,1999-05-02,NA,9,"702FHL8","STE-ANNE-DE-BELLEVUE+1",1994,2026
"FFMC","09-27",2001-09-27,71.8529411764706,20.2715662211587,87.9,NA,94.7,1999-05-02,NA,9,"702FHL8","STE-ANNE-DE-BELLEVUE+1",1994,2026
"FFMC","09-28",2001-09-28,70.2235294117647,22.5521764307728,86.5,NA,94.7,1999-05-02,NA,9,"702FHL8","STE-ANNE-DE-BELLEVUE+1",1994,2026
"FFMC","09-29",2001-09-29,66.1941176470588,26.0977602149168,87,NA,94.7,1999-05-02,NA,9,"702FHL8","STE-ANNE-DE-BELLEVUE+1",1994,2026
"FFMC","09-30",2001-09-30,63.2235294117647,23.7266076750282,87.7,NA,94.7,1999-05-02,NA,9,"702FHL8","STE-ANNE-DE-BELLEVUE+1",1994,2026
"FFMC","10-01",2001-10-01,63.0588235294118,21.5062508013231,86.8,NA,94.7,1999-05-02,NA,10,"702FHL8","STE-ANNE-DE-BELLEVUE+1",1994,2026
"FFMC","10-02",2001-10-02,63.2176470588235,23.4786667874828,88.7,NA,94.7,1999-05-02,NA,10,"702FHL8","STE-ANNE-DE-BELLEVUE+1",1994,2026
"FFMC","10-03",2001-10-03,69.0058823529412,20.5244509849909,88.2,NA,94.7,1999-05-02,NA,10,"702FHL8","STE-ANNE-DE-BELLEVUE+1",1994,2026
"FFMC","10-04",2001-10-04,66.0705882352941,21.2383722512426,88.2,NA,94.7,1999-05-02,NA,10,"702FHL8","STE-ANNE-DE-BELLEVUE+1",1994,2026
"FFMC","10-05",2001-10-05,72.5764705882353,15.4297816499361,89.7,NA,94.7,1999-05-02,NA,10,"702FHL8","STE-ANNE-DE-BELLEVUE+1",1994,2026
"FFMC","10-06",2001-10-06,71.0411764705882,22.601356674532,88.2,NA,94.7,1999-05-02,NA,10,"702FHL8","STE-ANNE-DE-BELLEVUE+1",1994,2026
"FFMC","10-07",2001-10-07,65.5764705882353,22.5042643017875,86.5,NA,94.7,1999-05-02,NA,10,"702FHL8","STE-ANNE-DE-BELLEVUE+1",1994,2026
"FFMC","10-08",2001-10-08,65.4176470588235,19.3029866631474,87,NA,94.7,1999-05-02,NA,10,"702FHL8","STE-ANNE-DE-BELLEVUE+1",1994,2026
"FFMC","10-09",2001-10-09,65.2294117647059,21.2281877672672,87.3,NA,94.7,1999-05-02,NA,10,"702FHL8","STE-ANNE-DE-BELLEVUE+1",1994,2026
"FFMC","10-10",2001-10-10,67.6588235294118,21.0640706780387,87.3,NA,94.7,1999-05-02,NA,10,"702FHL8","STE-ANNE-DE-BELLEVUE+1",1994,2026
"FFMC","10-11",2001-10-11,71.3764705882353,17.6556481547607,87.6,NA,94.7,1999-05-02,NA,10,"702FHL8","STE-ANNE-DE-BELLEVUE+1",1994,2026
"FFMC","10-12",2001-10-12,79.5,10.0116182508124,86.7,NA,94.7,1999-05-02,NA,10,"702FHL8","STE-ANNE-DE-BELLEVUE+1",1994,2026
"FFMC","10-13",2001-10-13,73.4647058823529,19.7233028793503,86.7,NA,94.7,1999-05-02,NA,10,"702FHL8","STE-ANNE-DE-BELLEVUE+1",1994,2026
"FFMC","10-14",2001-10-14,63.3941176470588,22.1845517925266,86.6,NA,94.7,1999-05-02,NA,10,"702FHL8","STE-ANNE-DE-BELLEVUE+1",1994,2026
"FFMC","10-15",2001-10-15,65.0352941176471,18.7520645922146,87,NA,94.7,1999-05-02,NA,10,"702FHL8","STE-ANNE-DE-BELLEVUE+1",1994,2026
"FFMC","10-16",2001-10-16,60.6058823529412,22.3448671563582,88.6,NA,94.7,1999-05-02,NA,10,"702FHL8","STE-ANNE-DE-BELLEVUE+1",1994,2026
"FFMC","10-17",2001-10-17,63.6176470588235,19.7947668366578,88.6,NA,94.7,1999-05-02,NA,10,"702FHL8","STE-ANNE-DE-BELLEVUE+1",1994,2026
"FFMC","10-18",2001-10-18,69.8705882352941,18.0096767289797,87,NA,94.7,1999-05-02,NA,10,"702FHL8","STE-ANNE-DE-BELLEVUE+1",1994,2026
"FFMC","10-19",2001-10-19,71.8882352941176,16.3122225015838,87,NA,94.7,1999-05-02,NA,10,"702FHL8","STE-ANNE-DE-BELLEVUE+1",1994,2026
"FFMC","10-20",2001-10-20,63.2235294117647,23.9025503192589,87.6,NA,94.7,1999-05-02,NA,10,"702FHL8","STE-ANNE-DE-BELLEVUE+1",1994,2026
"FFMC","10-21",2001-10-21,57.9705882352941,28.6562987121916,87.6,NA,94.7,1999-05-02,NA,10,"702FHL8","STE-ANNE-DE-BELLEVUE+1",1994,2026
"FFMC","10-22",2001-10-22,59.2470588235294,26.4121685413906,87.7,NA,94.7,1999-05-02,NA,10,"702FHL8","STE-ANNE-DE-BELLEVUE+1",1994,2026
"FFMC","10-23",2001-10-23,64.8,20.1667734156954,89.1,NA,94.7,1999-05-02,NA,10,"702FHL8","STE-ANNE-DE-BELLEVUE+1",1994,2026
"FFMC","10-24",2001-10-24,71.1294117647059,12.9910914045877,88.2,NA,94.7,1999-05-02,NA,10,"702FHL8","STE-ANNE-DE-BELLEVUE+1",1994,2026
"FFMC","10-25",2001-10-25,70.3764705882353,15.3637775877128,87.4,NA,94.7,1999-05-02,NA,10,"702FHL8","STE-ANNE-DE-BELLEVUE+1",1994,2026
"FFMC","10-26",2001-10-26,69.8588235294118,18.7549013201726,87.4,NA,94.7,1999-05-02,NA,10,"702FHL8","STE-ANNE-DE-BELLEVUE+1",1994,2026
"FFMC","10-27",2001-10-27,64.9235294117647,23.1485563645923,86.2,NA,94.7,1999-05-02,NA,10,"702FHL8","STE-ANNE-DE-BELLEVUE+1",1994,2026
"FFMC","10-28",2001-10-28,55.7294117647059,28.8610196611685,84.4,NA,94.7,1999-05-02,NA,10,"702FHL8","STE-ANNE-DE-BELLEVUE+1",1994,2026
"FFMC","10-29",2001-10-29,57.6470588235294,27.7269525382582,87.4,NA,94.7,1999-05-02,NA,10,"702FHL8","STE-ANNE-DE-BELLEVUE+1",1994,2026
"FFMC","10-30",2001-10-30,64.3176470588235,21.5851000488218,87.4,NA,94.7,1999-05-02,NA,10,"702FHL8","STE-ANNE-DE-BELLEVUE+1",1994,2026
"FFMC","10-31",2001-10-31,65.7588235294118,17.1806598688587,86.7,NA,94.7,1999-05-02,NA,10,"702FHL8","STE-ANNE-DE-BELLEVUE+1",1994,2026
"FWI","04-01",2001-04-01,0.4,0.282842712474619,0.9,NA,39.4,2023-06-03,NA,4,"702FHL8","STE-ANNE-DE-BELLEVUE+1",1994,2026
"FWI","04-02",2001-04-02,0.65,0.353553390593274,3.3,NA,39.4,2023-06-03,NA,4,"702FHL8","STE-ANNE-DE-BELLEVUE+1",1994,2026
"FWI","04-03",2001-04-03,1.55,2.1920310216783,4.8,NA,39.4,2023-06-03,NA,4,"702FHL8","STE-ANNE-DE-BELLEVUE+1",1994,2026
"FWI","04-04",2001-04-04,4.83333333333333,4.02781992315115,7.5,NA,39.4,2023-06-03,NA,4,"702FHL8","STE-ANNE-DE-BELLEVUE+1",1994,2026
"FWI","04-05",2001-04-05,3.36666666666667,2.83783955383904,5.9,NA,39.4,2023-06-03,NA,4,"702FHL8","STE-ANNE-DE-BELLEVUE+1",1994,2026
"FWI","04-06",2001-04-06,4.9,3.57631094844953,11.2,NA,39.4,2023-06-03,NA,4,"702FHL8","STE-ANNE-DE-BELLEVUE+1",1994,2026
"FWI","04-07",2001-04-07,3.7,3.22335229225724,5.9,NA,39.4,2023-06-03,NA,4,"702FHL8","STE-ANNE-DE-BELLEVUE+1",1994,2026
"FWI","04-08",2001-04-08,4.2,4.35545634807651,8.9,NA,39.4,2023-06-03,NA,4,"702FHL8","STE-ANNE-DE-BELLEVUE+1",1994,2026
"FWI","04-09",2001-04-09,3.76666666666667,3.88115103201786,7.9,NA,39.4,2023-06-03,NA,4,"702FHL8","STE-ANNE-DE-BELLEVUE+1",1994,2026
"FWI","04-10",2001-04-10,2.56666666666667,3.21299444962691,6.2,NA,39.4,2023-06-03,NA,4,"702FHL8","STE-ANNE-DE-BELLEVUE+1",1994,2026
"FWI","04-11",2001-04-11,1.9,2.00499376557634,7.8,0.4,39.4,2023-06-03,NA,4,"702FHL8","STE-ANNE-DE-BELLEVUE+1",1994,2026
"FWI","04-12",2001-04-12,3.43333333333333,2.84018778721877,7.4,0.5,39.4,2023-06-03,NA,4,"702FHL8","STE-ANNE-DE-BELLEVUE+1",1994,2026
"FWI","04-13",2001-04-13,4,3.60555127546399,9.2,0,39.4,2023-06-03,NA,4,"702FHL8","STE-ANNE-DE-BELLEVUE+1",1994,2026
"FWI","04-14",2001-04-14,4.71111111111111,5.49737311005094,13.2,0,39.4,2023-06-03,NA,4,"702FHL8","STE-ANNE-DE-BELLEVUE+1",1994,2026
"FWI","04-15",2001-04-15,6.1,6.79613860953409,19.8,0,39.4,2023-06-03,NA,4,"702FHL8","STE-ANNE-DE-BELLEVUE+1",1994,2026
"FWI","04-16",2001-04-16,3.3625,5.93101713753335,17.1,0,39.4,2023-06-03,NA,4,"702FHL8","STE-ANNE-DE-BELLEVUE+1",1994,2026
"FWI","04-17",2001-04-17,3.97142857142857,7.5221260925606,19.8,0,39.4,2023-06-03,NA,4,"702FHL8","STE-ANNE-DE-BELLEVUE+1",1994,2026
"FWI","04-18",2001-04-18,2.375,3.1765884665336,8.7,0.9,39.4,2023-06-03,NA,4,"702FHL8","STE-ANNE-DE-BELLEVUE+1",1994,2026
"FWI","04-19",2001-04-19,3.5,5.72341681166067,18.1,0.1,39.4,2023-06-03,NA,4,"702FHL8","STE-ANNE-DE-BELLEVUE+1",1994,2026
"FWI","04-20",2001-04-20,1.92222222222222,3.19248248929332,9.9,0.6,39.4,2023-06-03,NA,4,"702FHL8","STE-ANNE-DE-BELLEVUE+1",1994,2026
"FWI","04-21",2001-04-21,1.81111111111111,2.62842369322587,8.2,1.5,39.4,2023-06-03,NA,4,"702FHL8","STE-ANNE-DE-BELLEVUE+1",1994,2026
"FWI","04-22",2001-04-22,2.37,3.26396146491414,9.2,3.1,39.4,2023-06-03,NA,4,"702FHL8","STE-ANNE-DE-BELLEVUE+1",1994,2026
"FWI","04-23",2001-04-23,4.02222222222222,3.88547866349108,12.1,9.8,39.4,2023-06-03,NA,4,"702FHL8","STE-ANNE-DE-BELLEVUE+1",1994,2026
"FWI","04-24",2001-04-24,4.8,5.95091029451237,13.9,5.9,39.4,2023-06-03,NA,4,"702FHL8","STE-ANNE-DE-BELLEVUE+1",1994,2026
"FWI","04-25",2001-04-25,3.6,3.60092580688171,9.6,9.5,39.4,2023-06-03,NA,4,"702FHL8","STE-ANNE-DE-BELLEVUE+1",1994,2026
"FWI","04-26",2001-04-26,3.05,4.99249436654665,13,6.9,39.4,2023-06-03,NA,4,"702FHL8","STE-ANNE-DE-BELLEVUE+1",1994,2026
"FWI","04-27",2001-04-27,2.8,4.33497404836523,12.7,8.4,39.4,2023-06-03,NA,4,"702FHL8","STE-ANNE-DE-BELLEVUE+1",1994,2026
"FWI","04-28",2001-04-28,3.26363636363636,5.14825654513695,14.3,NA,39.4,2023-06-03,NA,4,"702FHL8","STE-ANNE-DE-BELLEVUE+1",1994,2026
"FWI","04-29",2001-04-29,6.16666666666667,6.97714884896446,21.9,NA,39.4,2023-06-03,NA,4,"702FHL8","STE-ANNE-DE-BELLEVUE+1",1994,2026
"FWI","04-30",2001-04-30,5.6,7.7699206345153,28.3,NA,39.4,2023-06-03,NA,4,"702FHL8","STE-ANNE-DE-BELLEVUE+1",1994,2026
"FWI","05-01",2001-05-01,4.47692307692308,5.41835673831003,17.5,NA,39.4,2023-06-03,NA,5,"702FHL8","STE-ANNE-DE-BELLEVUE+1",1994,2026
"FWI","05-02",2001-05-02,5.06923076923077,6.567265363831,21.9,NA,39.4,2023-06-03,NA,5,"702FHL8","STE-ANNE-DE-BELLEVUE+1",1994,2026
"FWI","05-03",2001-05-03,5.25714285714286,6.35497555351036,18.7,NA,39.4,2023-06-03,NA,5,"702FHL8","STE-ANNE-DE-BELLEVUE+1",1994,2026
"FWI","05-04",2001-05-04,5.13571428571429,8.16178780781394,24.8,NA,39.4,2023-06-03,NA,5,"702FHL8","STE-ANNE-DE-BELLEVUE+1",1994,2026
"FWI","05-05",2001-05-05,4.25333333333333,5.63114637740927,18.2,NA,39.4,2023-06-03,NA,5,"702FHL8","STE-ANNE-DE-BELLEVUE+1",1994,2026
"FWI","05-06",2001-05-06,6.33333333333333,8.44052018257056,23.9,NA,39.4,2023-06-03,NA,5,"702FHL8","STE-ANNE-DE-BELLEVUE+1",1994,2026
"FWI","05-07",2001-05-07,8.23125,7.57141279198715,25.5,NA,39.4,2023-06-03,NA,5,"702FHL8","STE-ANNE-DE-BELLEVUE+1",1994,2026
"FWI","05-08",2001-05-08,5.85882352941176,6.84836283570108,25.6,NA,39.4,2023-06-03,NA,5,"702FHL8","STE-ANNE-DE-BELLEVUE+1",1994,2026
"FWI","05-09",2001-05-09,6.85882352941177,5.592747404399,18.4,NA,39.4,2023-06-03,NA,5,"702FHL8","STE-ANNE-DE-BELLEVUE+1",1994,2026
"FWI","05-10",2001-05-10,5.71176470588235,5.72777032894795,18.6,NA,39.4,2023-06-03,NA,5,"702FHL8","STE-ANNE-DE-BELLEVUE+1",1994,2026
"FWI","05-11",2001-05-11,5.78823529411765,5.36235516738461,19.9,NA,39.4,2023-06-03,NA,5,"702FHL8","STE-ANNE-DE-BELLEVUE+1",1994,2026
"FWI","05-12",2001-05-12,7.17647058823529,6.31224300583445,21.9,NA,39.4,2023-06-03,NA,5,"702FHL8","STE-ANNE-DE-BELLEVUE+1",1994,2026
"FWI","05-13",2001-05-13,6.01875,6.24064299571767,26.9,NA,39.4,2023-06-03,NA,5,"702FHL8","STE-ANNE-DE-BELLEVUE+1",1994,2026
"FWI","05-14",2001-05-14,6.92941176470588,7.90013961157352,24.4,NA,39.4,2023-06-03,NA,5,"702FHL8","STE-ANNE-DE-BELLEVUE+1",1994,2026
"FWI","05-15",2001-05-15,5.98823529411765,5.96656123250038,23.3,NA,39.4,2023-06-03,NA,5,"702FHL8","STE-ANNE-DE-BELLEVUE+1",1994,2026
"FWI","05-16",2001-05-16,5.84117647058823,6.15478054274982,22.2,NA,39.4,2023-06-03,NA,5,"702FHL8","STE-ANNE-DE-BELLEVUE+1",1994,2026
"FWI","05-17",2001-05-17,7.1,6.34881878777462,22.8,NA,39.4,2023-06-03,NA,5,"702FHL8","STE-ANNE-DE-BELLEVUE+1",1994,2026
"FWI","05-18",2001-05-18,9.42941176470588,7.80134321013715,24.2,NA,39.4,2023-06-03,NA,5,"702FHL8","STE-ANNE-DE-BELLEVUE+1",1994,2026
"FWI","05-19",2001-05-19,8.55294117647059,7.4413639246326,21.6,NA,39.4,2023-06-03,NA,5,"702FHL8","STE-ANNE-DE-BELLEVUE+1",1994,2026
"FWI","05-20",2001-05-20,7.68823529411765,7.09373688130427,20.6,NA,39.4,2023-06-03,NA,5,"702FHL8","STE-ANNE-DE-BELLEVUE+1",1994,2026
"FWI","05-21",2001-05-21,10.4823529411765,7.41739806924551,24.8,NA,39.4,2023-06-03,NA,5,"702FHL8","STE-ANNE-DE-BELLEVUE+1",1994,2026
"FWI","05-22",2001-05-22,8.50588235294118,7.13437721425592,23.3,NA,39.4,2023-06-03,NA,5,"702FHL8","STE-ANNE-DE-BELLEVUE+1",1994,2026
"FWI","05-23",2001-05-23,10.0823529411765,9.02248824425098,30.6,NA,39.4,2023-06-03,NA,5,"702FHL8","STE-ANNE-DE-BELLEVUE+1",1994,2026
"FWI","05-24",2001-05-24,8.57058823529412,7.87525909937908,23.9,NA,39.4,2023-06-03,NA,5,"702FHL8","STE-ANNE-DE-BELLEVUE+1",1994,2026
"FWI","05-25",2001-05-25,8.50588235294118,7.19865183456556,26.6,NA,39.4,2023-06-03,NA,5,"702FHL8","STE-ANNE-DE-BELLEVUE+1",1994,2026
"FWI","05-26",2001-05-26,7.04705882352941,8.24159554084181,33.4,NA,39.4,2023-06-03,NA,5,"702FHL8","STE-ANNE-DE-BELLEVUE+1",1994,2026
"FWI","05-27",2001-05-27,8.55294117647059,9.42822343068001,28.4,NA,39.4,2023-06-03,NA,5,"702FHL8","STE-ANNE-DE-BELLEVUE+1",1994,2026
"FWI","05-28",2001-05-28,7.72352941176471,8.57718845337479,23.7,NA,39.4,2023-06-03,NA,5,"702FHL8","STE-ANNE-DE-BELLEVUE+1",1994,2026
"FWI","05-29",2001-05-29,5.94117647058824,9.24128365160445,30.4,NA,39.4,2023-06-03,NA,5,"702FHL8","STE-ANNE-DE-BELLEVUE+1",1994,2026
"FWI","05-30",2001-05-30,7.41764705882353,8.17887792534203,24.7,NA,39.4,2023-06-03,NA,5,"702FHL8","STE-ANNE-DE-BELLEVUE+1",1994,2026
"FWI","05-31",2001-05-31,8.4235294117647,9.60862434299031,27.3,NA,39.4,2023-06-03,NA,5,"702FHL8","STE-ANNE-DE-BELLEVUE+1",1994,2026
"FWI","06-01",2001-06-01,8.12352941176471,6.50322318275376,31.7,NA,39.4,2023-06-03,NA,6,"702FHL8","STE-ANNE-DE-BELLEVUE+1",1994,2026
"FWI","06-02",2001-06-02,5.85294117647059,7.5446270324532,30.8,NA,39.4,2023-06-03,NA,6,"702FHL8","STE-ANNE-DE-BELLEVUE+1",1994,2026
"FWI","06-03",2001-06-03,5.21764705882353,7.5168340488298,39.4,NA,39.4,2023-06-03,NA,6,"702FHL8","STE-ANNE-DE-BELLEVUE+1",1994,2026
"FWI","06-04",2001-06-04,3.6,4.067093556829,27.7,NA,39.4,2023-06-03,NA,6,"702FHL8","STE-ANNE-DE-BELLEVUE+1",1994,2026
"FWI","06-05",2001-06-05,6.18235294117647,7.19993361897504,22.9,NA,39.4,2023-06-03,NA,6,"702FHL8","STE-ANNE-DE-BELLEVUE+1",1994,2026
"FWI","06-06",2001-06-06,4.42941176470588,5.83938831405764,22.6,NA,39.4,2023-06-03,NA,6,"702FHL8","STE-ANNE-DE-BELLEVUE+1",1994,2026
"FWI","06-07",2001-06-07,5.07058823529412,5.83810379167354,18.9,NA,39.4,2023-06-03,NA,6,"702FHL8","STE-ANNE-DE-BELLEVUE+1",1994,2026
"FWI","06-08",2001-06-08,6.99411764705882,7.14505690917113,23.4,NA,39.4,2023-06-03,NA,6,"702FHL8","STE-ANNE-DE-BELLEVUE+1",1994,2026
"FWI","06-09",2001-06-09,7.72352941176471,6.04343956408152,19.3,NA,39.4,2023-06-03,NA,6,"702FHL8","STE-ANNE-DE-BELLEVUE+1",1994,2026
"FWI","06-10",2001-06-10,10.1764705882353,7.89046334284026,25.1,NA,39.4,2023-06-03,NA,6,"702FHL8","STE-ANNE-DE-BELLEVUE+1",1994,2026
"FWI","06-11",2001-06-11,10.3235294117647,10.6707268620608,39.3,NA,39.4,2023-06-03,NA,6,"702FHL8","STE-ANNE-DE-BELLEVUE+1",1994,2026
"FWI","06-12",2001-06-12,7.58823529411765,9.70070115719356,31.8,NA,39.4,2023-06-03,NA,6,"702FHL8","STE-ANNE-DE-BELLEVUE+1",1994,2026
"FWI","06-13",2001-06-13,5.6235294117647,5.89719524559819,20.6,NA,39.4,2023-06-03,NA,6,"702FHL8","STE-ANNE-DE-BELLEVUE+1",1994,2026
"FWI","06-14",2001-06-14,6.97647058823529,10.2593572783438,38.9,NA,39.4,2023-06-03,NA,6,"702FHL8","STE-ANNE-DE-BELLEVUE+1",1994,2026
"FWI","06-15",2001-06-15,8.56470588235294,8.43926397682809,23,NA,39.4,2023-06-03,NA,6,"702FHL8","STE-ANNE-DE-BELLEVUE+1",1994,2026
"FWI","06-16",2001-06-16,7.89411764705882,7.64824085887037,25.6,NA,39.4,2023-06-03,NA,6,"702FHL8","STE-ANNE-DE-BELLEVUE+1",1994,2026
"FWI","06-17",2001-06-17,7.48823529411765,7.50165667977257,27.5,NA,39.4,2023-06-03,NA,6,"702FHL8","STE-ANNE-DE-BELLEVUE+1",1994,2026
"FWI","06-18",2001-06-18,9.45882352941176,9.37530391664248,31.1,NA,39.4,2023-06-03,NA,6,"702FHL8","STE-ANNE-DE-BELLEVUE+1",1994,2026
"FWI","06-19",2001-06-19,10.3058823529412,8.59240002765782,29.3,NA,39.4,2023-06-03,NA,6,"702FHL8","STE-ANNE-DE-BELLEVUE+1",1994,2026
"FWI","06-20",2001-06-20,10.4823529411765,9.87631227319423,33.1,NA,39.4,2023-06-03,NA,6,"702FHL8","STE-ANNE-DE-BELLEVUE+1",1994,2026
"FWI","06-21",2001-06-21,11.5058823529412,9.22425271961334,29.8,NA,39.4,2023-06-03,NA,6,"702FHL8","STE-ANNE-DE-BELLEVUE+1",1994,2026
"FWI","06-22",2001-06-22,11.3176470588235,9.75936955533743,30.2,NA,39.4,2023-06-03,NA,6,"702FHL8","STE-ANNE-DE-BELLEVUE+1",1994,2026
"FWI","06-23",2001-06-23,9.78235294117647,8.68052671890635,29.3,NA,39.4,2023-06-03,NA,6,"702FHL8","STE-ANNE-DE-BELLEVUE+1",1994,2026
"FWI","06-24",2001-06-24,7.74705882352941,8.44956490352157,28.5,NA,39.4,2023-06-03,NA,6,"702FHL8","STE-ANNE-DE-BELLEVUE+1",1994,2026
"FWI","06-25",2001-06-25,4.43529411764706,7.02308169328737,23.4,NA,39.4,2023-06-03,NA,6,"702FHL8","STE-ANNE-DE-BELLEVUE+1",1994,2026
"FWI","06-26",2001-06-26,7.63529411764706,8.40386378224851,27,NA,39.4,2023-06-03,NA,6,"702FHL8","STE-ANNE-DE-BELLEVUE+1",1994,2026
"FWI","06-27",2001-06-27,6.58235294117647,6.972287581393,28.6,NA,39.4,2023-06-03,NA,6,"702FHL8","STE-ANNE-DE-BELLEVUE+1",1994,2026
"FWI","06-28",2001-06-28,5.85294117647059,6.22084375778909,19.3,NA,39.4,2023-06-03,NA,6,"702FHL8","STE-ANNE-DE-BELLEVUE+1",1994,2026
"FWI","06-29",2001-06-29,5.46470588235294,6.01216903210382,19,NA,39.4,2023-06-03,NA,6,"702FHL8","STE-ANNE-DE-BELLEVUE+1",1994,2026
"FWI","06-30",2001-06-30,6,6.43816744112795,18.1,NA,39.4,2023-06-03,NA,6,"702FHL8","STE-ANNE-DE-BELLEVUE+1",1994,2026
"FWI","07-01",2001-07-01,5.6,6.39276935294869,16.2,NA,39.4,2023-06-03,NA,7,"702FHL8","STE-ANNE-DE-BELLEVUE+1",1994,2026
"FWI","07-02",2001-07-02,7.80588235294118,6.29001893759424,18.8,NA,39.4,2023-06-03,NA,7,"702FHL8","STE-ANNE-DE-BELLEVUE+1",1994,2026
"FWI","07-03",2001-07-03,8.31764705882353,6.9244345702481,20.6,NA,39.4,2023-06-03,NA,7,"702FHL8","STE-ANNE-DE-BELLEVUE+1",1994,2026
"FWI","07-04",2001-07-04,9.56470588235294,8.9434292343926,29.7,NA,39.4,2023-06-03,NA,7,"702FHL8","STE-ANNE-DE-BELLEVUE+1",1994,2026
"FWI","07-05",2001-07-05,10.5470588235294,9.63328329588742,33.3,NA,39.4,2023-06-03,NA,7,"702FHL8","STE-ANNE-DE-BELLEVUE+1",1994,2026
"FWI","07-06",2001-07-06,10.0117647058824,9.97665289268783,32.1,NA,39.4,2023-06-03,NA,7,"702FHL8","STE-ANNE-DE-BELLEVUE+1",1994,2026
"FWI","07-07",2001-07-07,7.97647058823529,9.2463864165795,32.2,NA,39.4,2023-06-03,NA,7,"702FHL8","STE-ANNE-DE-BELLEVUE+1",1994,2026
"FWI","07-08",2001-07-08,9.11764705882353,9.65085717009878,31.1,NA,39.4,2023-06-03,NA,7,"702FHL8","STE-ANNE-DE-BELLEVUE+1",1994,2026
"FWI","07-09",2001-07-09,9.08235294117647,10.9323050688154,35.9,NA,39.4,2023-06-03,NA,7,"702FHL8","STE-ANNE-DE-BELLEVUE+1",1994,2026
"FWI","07-10",2001-07-10,9.40588235294118,9.56722730132896,29.9,NA,39.4,2023-06-03,NA,7,"702FHL8","STE-ANNE-DE-BELLEVUE+1",1994,2026
"FWI","07-11",2001-07-11,8.37647058823529,7.17326019078535,26.3,NA,39.4,2023-06-03,NA,7,"702FHL8","STE-ANNE-DE-BELLEVUE+1",1994,2026
"FWI","07-12",2001-07-12,10.5588235294118,8.08432579312658,34.6,NA,39.4,2023-06-03,NA,7,"702FHL8","STE-ANNE-DE-BELLEVUE+1",1994,2026
"FWI","07-13",2001-07-13,9.5,8.53624624761962,30.2,NA,39.4,2023-06-03,NA,7,"702FHL8","STE-ANNE-DE-BELLEVUE+1",1994,2026
"FWI","07-14",2001-07-14,7.82352941176471,7.25487158843669,29,NA,39.4,2023-06-03,NA,7,"702FHL8","STE-ANNE-DE-BELLEVUE+1",1994,2026
"FWI","07-15",2001-07-15,7.87058823529412,7.63648845231582,22.1,NA,39.4,2023-06-03,NA,7,"702FHL8","STE-ANNE-DE-BELLEVUE+1",1994,2026
"FWI","07-16",2001-07-16,7.94705882352941,7.08785207653373,25.8,NA,39.4,2023-06-03,NA,7,"702FHL8","STE-ANNE-DE-BELLEVUE+1",1994,2026
"FWI","07-17",2001-07-17,6.08235294117647,6.19609103529371,19.4,NA,39.4,2023-06-03,NA,7,"702FHL8","STE-ANNE-DE-BELLEVUE+1",1994,2026
"FWI","07-18",2001-07-18,5.42352941176471,5.01018081157815,17.3,NA,39.4,2023-06-03,NA,7,"702FHL8","STE-ANNE-DE-BELLEVUE+1",1994,2026
"FWI","07-19",2001-07-19,6.38823529411765,5.7531385296355,18.7,NA,39.4,2023-06-03,NA,7,"702FHL8","STE-ANNE-DE-BELLEVUE+1",1994,2026
"FWI","07-20",2001-07-20,7.82941176470588,6.62559098362953,21.1,NA,39.4,2023-06-03,NA,7,"702FHL8","STE-ANNE-DE-BELLEVUE+1",1994,2026
"FWI","07-21",2001-07-21,9.28235294117647,8.81484793502685,30,NA,39.4,2023-06-03,NA,7,"702FHL8","STE-ANNE-DE-BELLEVUE+1",1994,2026
"FWI","07-22",2001-07-22,9.08823529411765,8.03079092874273,29.2,NA,39.4,2023-06-03,NA,7,"702FHL8","STE-ANNE-DE-BELLEVUE+1",1994,2026
"FWI","07-23",2001-07-23,7.41764705882353,7.27222758978616,26.9,NA,39.4,2023-06-03,NA,7,"702FHL8","STE-ANNE-DE-BELLEVUE+1",1994,2026
"FWI","07-24",2001-07-24,5.58235294117647,6.73519072615223,23.7,NA,39.4,2023-06-03,NA,7,"702FHL8","STE-ANNE-DE-BELLEVUE+1",1994,2026
"FWI","07-25",2001-07-25,7.08235294117647,6.05972723129078,16.4,NA,39.4,2023-06-03,NA,7,"702FHL8","STE-ANNE-DE-BELLEVUE+1",1994,2026
"FWI","07-26",2001-07-26,8.22352941176471,7.68533745288428,23.8,NA,39.4,2023-06-03,NA,7,"702FHL8","STE-ANNE-DE-BELLEVUE+1",1994,2026
"FWI","07-27",2001-07-27,6.32941176470588,5.24556535393021,18.4,NA,39.4,2023-06-03,NA,7,"702FHL8","STE-ANNE-DE-BELLEVUE+1",1994,2026
"FWI","07-28",2001-07-28,8.09411764705882,6.5671978982892,17.6,NA,39.4,2023-06-03,NA,7,"702FHL8","STE-ANNE-DE-BELLEVUE+1",1994,2026
"FWI","07-29",2001-07-29,6.75882352941177,5.91185872035283,16.8,NA,39.4,2023-06-03,NA,7,"702FHL8","STE-ANNE-DE-BELLEVUE+1",1994,2026
"FWI","07-30",2001-07-30,5.87647058823529,5.70422315172766,18.4,NA,39.4,2023-06-03,NA,7,"702FHL8","STE-ANNE-DE-BELLEVUE+1",1994,2026
"FWI","07-31",2001-07-31,7.10588235294118,5.55466814807997,18.1,NA,39.4,2023-06-03,NA,7,"702FHL8","STE-ANNE-DE-BELLEVUE+1",1994,2026
"FWI","08-01",2001-08-01,8.91176470588235,7.2023331595516,22.3,NA,39.4,2023-06-03,NA,8,"702FHL8","STE-ANNE-DE-BELLEVUE+1",1994,2026
"FWI","08-02",2001-08-02,7.29411764705882,7.7627693663598,27.6,NA,39.4,2023-06-03,NA,8,"702FHL8","STE-ANNE-DE-BELLEVUE+1",1994,2026
"FWI","08-03",2001-08-03,7.17647058823529,7.84868853788363,25.5,NA,39.4,2023-06-03,NA,8,"702FHL8","STE-ANNE-DE-BELLEVUE+1",1994,2026
"FWI","08-04",2001-08-04,6.95882352941176,7.97841297059834,25.8,NA,39.4,2023-06-03,NA,8,"702FHL8","STE-ANNE-DE-BELLEVUE+1",1994,2026
"FWI","08-05",2001-08-05,7.45294117647059,8.0526484499712,26.7,NA,39.4,2023-06-03,NA,8,"702FHL8","STE-ANNE-DE-BELLEVUE+1",1994,2026
"FWI","08-06",2001-08-06,7.9,8.06644283436014,24.3,NA,39.4,2023-06-03,NA,8,"702FHL8","STE-ANNE-DE-BELLEVUE+1",1994,2026
"FWI","08-07",2001-08-07,7.67058823529412,7.70168526248333,30.3,NA,39.4,2023-06-03,NA,8,"702FHL8","STE-ANNE-DE-BELLEVUE+1",1994,2026
"FWI","08-08",2001-08-08,6.92941176470588,8.03000347959781,33.7,NA,39.4,2023-06-03,NA,8,"702FHL8","STE-ANNE-DE-BELLEVUE+1",1994,2026
"FWI","08-09",2001-08-09,8.3,7.30445069803336,27.9,NA,39.4,2023-06-03,NA,8,"702FHL8","STE-ANNE-DE-BELLEVUE+1",1994,2026
"FWI","08-10",2001-08-10,6.74705882352941,6.36073085885761,26.4,NA,39.4,2023-06-03,NA,8,"702FHL8","STE-ANNE-DE-BELLEVUE+1",1994,2026
"FWI","08-11",2001-08-11,6.85294117647059,5.66007041111889,28.8,NA,39.4,2023-06-03,NA,8,"702FHL8","STE-ANNE-DE-BELLEVUE+1",1994,2026
"FWI","08-12",2001-08-12,6.37647058823529,5.83582999792711,34.8,NA,39.4,2023-06-03,NA,8,"702FHL8","STE-ANNE-DE-BELLEVUE+1",1994,2026
"FWI","08-13",2001-08-13,4.09411764705882,4.39580348005847,15.3,NA,39.4,2023-06-03,NA,8,"702FHL8","STE-ANNE-DE-BELLEVUE+1",1994,2026
"FWI","08-14",2001-08-14,4.41764705882353,4.1515411737868,21.2,NA,39.4,2023-06-03,NA,8,"702FHL8","STE-ANNE-DE-BELLEVUE+1",1994,2026
"FWI","08-15",2001-08-15,3.78823529411765,4.08639241155037,14.9,NA,39.4,2023-06-03,NA,8,"702FHL8","STE-ANNE-DE-BELLEVUE+1",1994,2026
"FWI","08-16",2001-08-16,4.08235294117647,3.9098010329999,17.4,NA,39.4,2023-06-03,NA,8,"702FHL8","STE-ANNE-DE-BELLEVUE+1",1994,2026
"FWI","08-17",2001-08-17,3.88823529411765,2.92037719159297,15.4,NA,39.4,2023-06-03,NA,8,"702FHL8","STE-ANNE-DE-BELLEVUE+1",1994,2026
"FWI","08-18",2001-08-18,5.53529411764706,3.76662003268026,14.5,NA,39.4,2023-06-03,NA,8,"702FHL8","STE-ANNE-DE-BELLEVUE+1",1994,2026
"FWI","08-19",2001-08-19,7.3235294117647,3.62914063721784,16.6,NA,39.4,2023-06-03,NA,8,"702FHL8","STE-ANNE-DE-BELLEVUE+1",1994,2026
"FWI","08-20",2001-08-20,8.24117647058823,4.08274705675134,15.7,NA,39.4,2023-06-03,NA,8,"702FHL8","STE-ANNE-DE-BELLEVUE+1",1994,2026
"FWI","08-21",2001-08-21,6.21764705882353,6.71837362146874,18.3,NA,39.4,2023-06-03,NA,8,"702FHL8","STE-ANNE-DE-BELLEVUE+1",1994,2026
"FWI","08-22",2001-08-22,5.62941176470588,6.1139967191971,18.9,NA,39.4,2023-06-03,NA,8,"702FHL8","STE-ANNE-DE-BELLEVUE+1",1994,2026
"FWI","08-23",2001-08-23,5.72941176470588,6.73338368744519,20.3,NA,39.4,2023-06-03,NA,8,"702FHL8","STE-ANNE-DE-BELLEVUE+1",1994,2026
"FWI","08-24",2001-08-24,7.5,5.52426465694757,22.6,NA,39.4,2023-06-03,NA,8,"702FHL8","STE-ANNE-DE-BELLEVUE+1",1994,2026
"FWI","08-25",2001-08-25,8.98823529411765,7.37901436109027,23.6,NA,39.4,2023-06-03,NA,8,"702FHL8","STE-ANNE-DE-BELLEVUE+1",1994,2026
"FWI","08-26",2001-08-26,7.67058823529412,5.92892957306401,28.1,NA,39.4,2023-06-03,NA,8,"702FHL8","STE-ANNE-DE-BELLEVUE+1",1994,2026
"FWI","08-27",2001-08-27,8.47647058823529,6.32055470387733,20.8,NA,39.4,2023-06-03,NA,8,"702FHL8","STE-ANNE-DE-BELLEVUE+1",1994,2026
"FWI","08-28",2001-08-28,10.6235294117647,6.76540181842187,26.3,NA,39.4,2023-06-03,NA,8,"702FHL8","STE-ANNE-DE-BELLEVUE+1",1994,2026
"FWI","08-29",2001-08-29,10.6588235294118,8.57773708675031,27.6,NA,39.4,2023-06-03,NA,8,"702FHL8","STE-ANNE-DE-BELLEVUE+1",1994,2026
"FWI","08-30",2001-08-30,9.91764705882353,7.56878749322816,29,NA,39.4,2023-06-03,NA,8,"702FHL8","STE-ANNE-DE-BELLEVUE+1",1994,2026
"FWI","08-31",2001-08-31,7.06470588235294,7.56339384605801,25.2,NA,39.4,2023-06-03,NA,8,"702FHL8","STE-ANNE-DE-BELLEVUE+1",1994,2026
"FWI","09-01",2001-09-01,7.52941176470588,6.18847363106226,21.3,NA,39.4,2023-06-03,NA,9,"702FHL8","STE-ANNE-DE-BELLEVUE+1",1994,2026
"FWI","09-02",2001-09-02,8.2,7.82344233697674,28.2,NA,39.4,2023-06-03,NA,9,"702FHL8","STE-ANNE-DE-BELLEVUE+1",1994,2026
"FWI","09-03",2001-09-03,7.83529411764706,8.46817137702044,22.6,NA,39.4,2023-06-03,NA,9,"702FHL8","STE-ANNE-DE-BELLEVUE+1",1994,2026
"FWI","09-04",2001-09-04,8.4,7.39383188881111,25.2,NA,39.4,2023-06-03,NA,9,"702FHL8","STE-ANNE-DE-BELLEVUE+1",1994,2026
"FWI","09-05",2001-09-05,9.63529411764706,6.74323190099438,24,NA,39.4,2023-06-03,NA,9,"702FHL8","STE-ANNE-DE-BELLEVUE+1",1994,2026
"FWI","09-06",2001-09-06,7.98823529411765,6.32681617728668,23,NA,39.4,2023-06-03,NA,9,"702FHL8","STE-ANNE-DE-BELLEVUE+1",1994,2026
"FWI","09-07",2001-09-07,6.38823529411765,6.41140413179332,19.2,NA,39.4,2023-06-03,NA,9,"702FHL8","STE-ANNE-DE-BELLEVUE+1",1994,2026
"FWI","09-08",2001-09-08,3.72352941176471,6.01139848660076,19.9,NA,39.4,2023-06-03,NA,9,"702FHL8","STE-ANNE-DE-BELLEVUE+1",1994,2026
"FWI","09-09",2001-09-09,3.94705882352941,5.18930602863461,16.4,NA,39.4,2023-06-03,NA,9,"702FHL8","STE-ANNE-DE-BELLEVUE+1",1994,2026
"FWI","09-10",2001-09-10,4.68823529411765,5.37748574532527,20.1,NA,39.4,2023-06-03,NA,9,"702FHL8","STE-ANNE-DE-BELLEVUE+1",1994,2026
"FWI","09-11",2001-09-11,4.02941176470588,3.95612890112961,11.9,NA,39.4,2023-06-03,NA,9,"702FHL8","STE-ANNE-DE-BELLEVUE+1",1994,2026
"FWI","09-12",2001-09-12,5.12352941176471,5.79283279274535,18.7,NA,39.4,2023-06-03,NA,9,"702FHL8","STE-ANNE-DE-BELLEVUE+1",1994,2026
"FWI","09-13",2001-09-13,4.71176470588235,5.74563773145997,18,NA,39.4,2023-06-03,NA,9,"702FHL8","STE-ANNE-DE-BELLEVUE+1",1994,2026
"FWI","09-14",2001-09-14,2.93529411764706,4.52146839761025,16.2,NA,39.4,2023-06-03,NA,9,"702FHL8","STE-ANNE-DE-BELLEVUE+1",1994,2026
"FWI","09-15",2001-09-15,2.44705882352941,2.58629021163974,8.7,NA,39.4,2023-06-03,NA,9,"702FHL8","STE-ANNE-DE-BELLEVUE+1",1994,2026
"FWI","09-16",2001-09-16,3.67058823529412,3.15411729051932,10.3,NA,39.4,2023-06-03,NA,9,"702FHL8","STE-ANNE-DE-BELLEVUE+1",1994,2026
"FWI","09-17",2001-09-17,4.63529411764706,5.36026365681654,19.9,NA,39.4,2023-06-03,NA,9,"702FHL8","STE-ANNE-DE-BELLEVUE+1",1994,2026
"FWI","09-18",2001-09-18,3.98823529411765,3.67234297706198,9.9,NA,39.4,2023-06-03,NA,9,"702FHL8","STE-ANNE-DE-BELLEVUE+1",1994,2026
"FWI","09-19",2001-09-19,5.67647058823529,4.42909830154015,14.4,NA,39.4,2023-06-03,NA,9,"702FHL8","STE-ANNE-DE-BELLEVUE+1",1994,2026
"FWI","09-20",2001-09-20,5.20588235294118,3.36646524344068,10.5,NA,39.4,2023-06-03,NA,9,"702FHL8","STE-ANNE-DE-BELLEVUE+1",1994,2026
"FWI","09-21",2001-09-21,5.56470588235294,4.83579636363942,18.2,NA,39.4,2023-06-03,NA,9,"702FHL8","STE-ANNE-DE-BELLEVUE+1",1994,2026
"FWI","09-22",2001-09-22,4.97058823529412,4.40067675276803,11.5,NA,39.4,2023-06-03,NA,9,"702FHL8","STE-ANNE-DE-BELLEVUE+1",1994,2026
"FWI","09-23",2001-09-23,3.9,3.89181834108428,11.6,NA,39.4,2023-06-03,NA,9,"702FHL8","STE-ANNE-DE-BELLEVUE+1",1994,2026
"FWI","09-24",2001-09-24,4.16470588235294,4.11110404521562,12.6,NA,39.4,2023-06-03,NA,9,"702FHL8","STE-ANNE-DE-BELLEVUE+1",1994,2026
"FWI","09-25",2001-09-25,4.55882352941176,4.34396978919188,15.1,NA,39.4,2023-06-03,NA,9,"702FHL8","STE-ANNE-DE-BELLEVUE+1",1994,2026
"FWI","09-26",2001-09-26,4.55294117647059,3.8075775840846,12,NA,39.4,2023-06-03,NA,9,"702FHL8","STE-ANNE-DE-BELLEVUE+1",1994,2026
"FWI","09-27",2001-09-27,4.91176470588235,5.24796178922603,16.8,NA,39.4,2023-06-03,NA,9,"702FHL8","STE-ANNE-DE-BELLEVUE+1",1994,2026
"FWI","09-28",2001-09-28,4.06470588235294,3.4983819789423,11,NA,39.4,2023-06-03,NA,9,"702FHL8","STE-ANNE-DE-BELLEVUE+1",1994,2026
"FWI","09-29",2001-09-29,4.25882352941176,4.05556081564705,12.8,NA,39.4,2023-06-03,NA,9,"702FHL8","STE-ANNE-DE-BELLEVUE+1",1994,2026
"FWI","09-30",2001-09-30,2.83529411764706,3.69170373548423,10.5,NA,39.4,2023-06-03,NA,9,"702FHL8","STE-ANNE-DE-BELLEVUE+1",1994,2026
"FWI","10-01",2001-10-01,3.07058823529412,4.46678921400517,13.3,NA,39.4,2023-06-03,NA,10,"702FHL8","STE-ANNE-DE-BELLEVUE+1",1994,2026
"FWI","10-02",2001-10-02,4.05625,5.14897643549991,14.6,NA,39.4,2023-06-03,NA,10,"702FHL8","STE-ANNE-DE-BELLEVUE+1",1994,2026
"FWI","10-03",2001-10-03,3.82941176470588,3.92265291382668,14.8,NA,39.4,2023-06-03,NA,10,"702FHL8","STE-ANNE-DE-BELLEVUE+1",1994,2026
"FWI","10-04",2001-10-04,3.5,5.1798889949496,16.7,NA,39.4,2023-06-03,NA,10,"702FHL8","STE-ANNE-DE-BELLEVUE+1",1994,2026
"FWI","10-05",2001-10-05,2.85882352941176,3.20878848312128,18.5,NA,39.4,2023-06-03,NA,10,"702FHL8","STE-ANNE-DE-BELLEVUE+1",1994,2026
"FWI","10-06",2001-10-06,3.72941176470588,4.28715591999556,16.5,NA,39.4,2023-06-03,NA,10,"702FHL8","STE-ANNE-DE-BELLEVUE+1",1994,2026
"FWI","10-07",2001-10-07,2.7,2.93023036637054,8.7,NA,39.4,2023-06-03,NA,10,"702FHL8","STE-ANNE-DE-BELLEVUE+1",1994,2026
"FWI","10-08",2001-10-08,2.20588235294118,2.55770174869826,8.7,NA,39.4,2023-06-03,NA,10,"702FHL8","STE-ANNE-DE-BELLEVUE+1",1994,2026
"FWI","10-09",2001-10-09,1.3625,1.57770930993852,6.5,NA,39.4,2023-06-03,NA,10,"702FHL8","STE-ANNE-DE-BELLEVUE+1",1994,2026
"FWI","10-10",2001-10-10,2.71764705882353,2.91981063044285,9.6,NA,39.4,2023-06-03,NA,10,"702FHL8","STE-ANNE-DE-BELLEVUE+1",1994,2026
"FWI","10-11",2001-10-11,2.42941176470588,2.31537381050079,8.8,NA,39.4,2023-06-03,NA,10,"702FHL8","STE-ANNE-DE-BELLEVUE+1",1994,2026
"FWI","10-12",2001-10-12,3.94117647058823,2.35320494845047,6.8,NA,39.4,2023-06-03,NA,10,"702FHL8","STE-ANNE-DE-BELLEVUE+1",1994,2026
"FWI","10-13",2001-10-13,3.35294117647059,2.5700480654695,10.1,NA,39.4,2023-06-03,NA,10,"702FHL8","STE-ANNE-DE-BELLEVUE+1",1994,2026
"FWI","10-14",2001-10-14,2.53529411764706,2.91353333095543,9.6,NA,39.4,2023-06-03,NA,10,"702FHL8","STE-ANNE-DE-BELLEVUE+1",1994,2026
"FWI","10-15",2001-10-15,1.65882352941176,2.12487023825262,7.3,NA,39.4,2023-06-03,NA,10,"702FHL8","STE-ANNE-DE-BELLEVUE+1",1994,2026
"FWI","10-16",2001-10-16,2.23529411764706,3.33128000483121,10.5,NA,39.4,2023-06-03,NA,10,"702FHL8","STE-ANNE-DE-BELLEVUE+1",1994,2026
"FWI","10-17",2001-10-17,1.71764705882353,2.70537319378437,8.4,NA,39.4,2023-06-03,NA,10,"702FHL8","STE-ANNE-DE-BELLEVUE+1",1994,2026
"FWI","10-18",2001-10-18,2.55294117647059,3.02863782232599,8.7,NA,39.4,2023-06-03,NA,10,"702FHL8","STE-ANNE-DE-BELLEVUE+1",1994,2026
"FWI","10-19",2001-10-19,3.21764705882353,3.64627126221392,9.5,NA,39.4,2023-06-03,NA,10,"702FHL8","STE-ANNE-DE-BELLEVUE+1",1994,2026
"FWI","10-20",2001-10-20,3.06470588235294,4.27155433894832,12,NA,39.4,2023-06-03,NA,10,"702FHL8","STE-ANNE-DE-BELLEVUE+1",1994,2026
"FWI","10-21",2001-10-21,2.03529411764706,3.14820210129341,10.5,NA,39.4,2023-06-03,NA,10,"702FHL8","STE-ANNE-DE-BELLEVUE+1",1994,2026
"FWI","10-22",2001-10-22,1.95,2.22830279211182,9.5,NA,39.4,2023-06-03,NA,10,"702FHL8","STE-ANNE-DE-BELLEVUE+1",1994,2026
"FWI","10-23",2001-10-23,1.97058823529412,3.2437949815537,12.9,NA,39.4,2023-06-03,NA,10,"702FHL8","STE-ANNE-DE-BELLEVUE+1",1994,2026
"FWI","10-24",2001-10-24,2.94117647058824,4.49959148472523,14.4,NA,39.4,2023-06-03,NA,10,"702FHL8","STE-ANNE-DE-BELLEVUE+1",1994,2026
"FWI","10-25",2001-10-25,1.97058823529412,2.22254491121168,6.8,NA,39.4,2023-06-03,NA,10,"702FHL8","STE-ANNE-DE-BELLEVUE+1",1994,2026
"FWI","10-26",2001-10-26,1.98235294117647,2.6975070190172,10,NA,39.4,2023-06-03,NA,10,"702FHL8","STE-ANNE-DE-BELLEVUE+1",1994,2026
"FWI","10-27",2001-10-27,1.80666666666667,2.2291787939145,7.8,NA,39.4,2023-06-03,NA,10,"702FHL8","STE-ANNE-DE-BELLEVUE+1",1994,2026
"FWI","10-28",2001-10-28,2.42142857142857,3.50014913340046,12.1,NA,39.4,2023-06-03,NA,10,"702FHL8","STE-ANNE-DE-BELLEVUE+1",1994,2026
"FWI","10-29",2001-10-29,2.6125,5.30495051814812,21.4,NA,39.4,2023-06-03,NA,10,"702FHL8","STE-ANNE-DE-BELLEVUE+1",1994,2026
"FWI","10-30",2001-10-30,1.74117647058824,2.51397564216755,8.7,NA,39.4,2023-06-03,NA,10,"702FHL8","STE-ANNE-DE-BELLEVUE+1",1994,2026
"FWI","10-31",2001-10-31,1.04375,1.39138719748794,5.5,NA,39.4,2023-06-03,NA,10,"702FHL8","STE-ANNE-DE-BELLEVUE+1",1994,2026
"ISI","04-01",2001-04-01,1.05,0.353553390593274,1.9,NA,22,2023-06-03,NA,4,"702FHL8","STE-ANNE-DE-BELLEVUE+1",1994,2026
"ISI","04-02",2001-04-02,1.65,0.494974746830583,4.1,NA,22,2023-06-03,NA,4,"702FHL8","STE-ANNE-DE-BELLEVUE+1",1994,2026
"ISI","04-03",2001-04-03,1.8,2.54558441227157,5.4,NA,22,2023-06-03,NA,4,"702FHL8","STE-ANNE-DE-BELLEVUE+1",1994,2026
"ISI","04-04",2001-04-04,5.26666666666667,4.14286535302963,8,NA,22,2023-06-03,NA,4,"702FHL8","STE-ANNE-DE-BELLEVUE+1",1994,2026
"ISI","04-05",2001-04-05,3.56666666666667,2.35867194271126,5.8,NA,22,2023-06-03,NA,4,"702FHL8","STE-ANNE-DE-BELLEVUE+1",1994,2026
"ISI","04-06",2001-04-06,5.26666666666667,2.92973263854116,10.8,NA,22,2023-06-03,NA,4,"702FHL8","STE-ANNE-DE-BELLEVUE+1",1994,2026
"ISI","04-07",2001-04-07,4,3.53411940941446,6.7,NA,22,2023-06-03,NA,4,"702FHL8","STE-ANNE-DE-BELLEVUE+1",1994,2026
"ISI","04-08",2001-04-08,4.23333333333333,3.60185137579736,7.9,NA,22,2023-06-03,NA,4,"702FHL8","STE-ANNE-DE-BELLEVUE+1",1994,2026
"ISI","04-09",2001-04-09,3.7,3.104834939252,6.7,NA,22,2023-06-03,NA,4,"702FHL8","STE-ANNE-DE-BELLEVUE+1",1994,2026
"ISI","04-10",2001-04-10,2.63333333333333,2.40069434400411,5,NA,22,2023-06-03,NA,4,"702FHL8","STE-ANNE-DE-BELLEVUE+1",1994,2026
"ISI","04-11",2001-04-11,2.1,1.67531091641721,8.3,1,22,2023-06-03,NA,4,"702FHL8","STE-ANNE-DE-BELLEVUE+1",1994,2026
"ISI","04-12",2001-04-12,4.13333333333333,2.89321044285871,8.1,1.2,22,2023-06-03,NA,4,"702FHL8","STE-ANNE-DE-BELLEVUE+1",1994,2026
"ISI","04-13",2001-04-13,3.95,3.04959013639538,8.2,0,22,2023-06-03,NA,4,"702FHL8","STE-ANNE-DE-BELLEVUE+1",1994,2026
"ISI","04-14",2001-04-14,4.28888888888889,4.56328950551147,11.7,0,22,2023-06-03,NA,4,"702FHL8","STE-ANNE-DE-BELLEVUE+1",1994,2026
"ISI","04-15",2001-04-15,5.6,5.66877411792003,18.1,0,22,2023-06-03,NA,4,"702FHL8","STE-ANNE-DE-BELLEVUE+1",1994,2026
"ISI","04-16",2001-04-16,3.1,4.16927537383382,12.3,0,22,2023-06-03,NA,4,"702FHL8","STE-ANNE-DE-BELLEVUE+1",1994,2026
"ISI","04-17",2001-04-17,3.17142857142857,5.44295088033268,14.4,0.1,22,2023-06-03,NA,4,"702FHL8","STE-ANNE-DE-BELLEVUE+1",1994,2026
"ISI","04-18",2001-04-18,2.1375,1.86848869410548,4.9,2.4,22,2023-06-03,NA,4,"702FHL8","STE-ANNE-DE-BELLEVUE+1",1994,2026
"ISI","04-19",2001-04-19,3.25555555555556,3.47063074638858,11.7,0.4,22,2023-06-03,NA,4,"702FHL8","STE-ANNE-DE-BELLEVUE+1",1994,2026
"ISI","04-20",2001-04-20,1.91111111111111,2.01955715717855,5.5,1.7,22,2023-06-03,NA,4,"702FHL8","STE-ANNE-DE-BELLEVUE+1",1994,2026
"ISI","04-21",2001-04-21,2.34444444444444,3.13452991336465,9.6,3,22,2023-06-03,NA,4,"702FHL8","STE-ANNE-DE-BELLEVUE+1",1994,2026
"ISI","04-22",2001-04-22,2.61,3.17890617106646,8.6,4.2,22,2023-06-03,NA,4,"702FHL8","STE-ANNE-DE-BELLEVUE+1",1994,2026
"ISI","04-23",2001-04-23,4.11111111111111,3.32356903209654,13.4,11.7,22,2023-06-03,NA,4,"702FHL8","STE-ANNE-DE-BELLEVUE+1",1994,2026
"ISI","04-24",2001-04-24,4.87,5.13485908061534,14.5,6,22,2023-06-03,NA,4,"702FHL8","STE-ANNE-DE-BELLEVUE+1",1994,2026
"ISI","04-25",2001-04-25,3.81,3.02781549415856,9.9,9.2,22,2023-06-03,NA,4,"702FHL8","STE-ANNE-DE-BELLEVUE+1",1994,2026
"ISI","04-26",2001-04-26,2.88,4.40348346955756,13,5.8,22,2023-06-03,NA,4,"702FHL8","STE-ANNE-DE-BELLEVUE+1",1994,2026
"ISI","04-27",2001-04-27,2.7,3.75286557179977,11.8,6.3,22,2023-06-03,NA,4,"702FHL8","STE-ANNE-DE-BELLEVUE+1",1994,2026
"ISI","04-28",2001-04-28,3.17272727272727,3.7555534636298,10.6,NA,22,2023-06-03,NA,4,"702FHL8","STE-ANNE-DE-BELLEVUE+1",1994,2026
"ISI","04-29",2001-04-29,6.08333333333333,5.46506813287535,16,NA,22,2023-06-03,NA,4,"702FHL8","STE-ANNE-DE-BELLEVUE+1",1994,2026
"ISI","04-30",2001-04-30,5.04615384615385,5.68867520966223,21.4,NA,22,2023-06-03,NA,4,"702FHL8","STE-ANNE-DE-BELLEVUE+1",1994,2026
"ISI","05-01",2001-05-01,3.52307692307692,3.45884225479997,10.1,NA,22,2023-06-03,NA,5,"702FHL8","STE-ANNE-DE-BELLEVUE+1",1994,2026
"ISI","05-02",2001-05-02,4.06923076923077,4.37271552077665,14.4,NA,22,2023-06-03,NA,5,"702FHL8","STE-ANNE-DE-BELLEVUE+1",1994,2026
"ISI","05-03",2001-05-03,3.92857142857143,4.08607928900602,10.7,NA,22,2023-06-03,NA,5,"702FHL8","STE-ANNE-DE-BELLEVUE+1",1994,2026
"ISI","05-04",2001-05-04,3.90714285714286,5.85024184716578,20.3,NA,22,2023-06-03,NA,5,"702FHL8","STE-ANNE-DE-BELLEVUE+1",1994,2026
"ISI","05-05",2001-05-05,3.12666666666667,3.48537078713435,10.6,NA,22,2023-06-03,NA,5,"702FHL8","STE-ANNE-DE-BELLEVUE+1",1994,2026
"ISI","05-06",2001-05-06,4.52666666666667,4.84111360663855,15.4,NA,22,2023-06-03,NA,5,"702FHL8","STE-ANNE-DE-BELLEVUE+1",1994,2026
"ISI","05-07",2001-05-07,6.1125,4.27689529136888,15.6,NA,22,2023-06-03,NA,5,"702FHL8","STE-ANNE-DE-BELLEVUE+1",1994,2026
"ISI","05-08",2001-05-08,4.48823529411765,4.26099788091668,14.4,NA,22,2023-06-03,NA,5,"702FHL8","STE-ANNE-DE-BELLEVUE+1",1994,2026
"ISI","05-09",2001-05-09,5.00588235294118,3.49936969114355,10,NA,22,2023-06-03,NA,5,"702FHL8","STE-ANNE-DE-BELLEVUE+1",1994,2026
"ISI","05-10",2001-05-10,4.01176470588235,3.38690167279425,12.5,NA,22,2023-06-03,NA,5,"702FHL8","STE-ANNE-DE-BELLEVUE+1",1994,2026
"ISI","05-11",2001-05-11,4.55294117647059,3.97084966459617,14.2,NA,22,2023-06-03,NA,5,"702FHL8","STE-ANNE-DE-BELLEVUE+1",1994,2026
"ISI","05-12",2001-05-12,5.1,4.07031939778686,16.4,NA,22,2023-06-03,NA,5,"702FHL8","STE-ANNE-DE-BELLEVUE+1",1994,2026
"ISI","05-13",2001-05-13,4.09375,3.78144042220245,18.3,NA,22,2023-06-03,NA,5,"702FHL8","STE-ANNE-DE-BELLEVUE+1",1994,2026
"ISI","05-14",2001-05-14,4.62352941176471,5.37174662141709,18.4,NA,22,2023-06-03,NA,5,"702FHL8","STE-ANNE-DE-BELLEVUE+1",1994,2026
"ISI","05-15",2001-05-15,3.75294117647059,2.92577289939317,14.7,NA,22,2023-06-03,NA,5,"702FHL8","STE-ANNE-DE-BELLEVUE+1",1994,2026
"ISI","05-16",2001-05-16,3.72941176470588,3.26108967714059,10.6,NA,22,2023-06-03,NA,5,"702FHL8","STE-ANNE-DE-BELLEVUE+1",1994,2026
"ISI","05-17",2001-05-17,4.36470588235294,3.58119064985212,11.2,NA,22,2023-06-03,NA,5,"702FHL8","STE-ANNE-DE-BELLEVUE+1",1994,2026
"ISI","05-18",2001-05-18,5.74705882352941,4.15829256532336,13.4,NA,22,2023-06-03,NA,5,"702FHL8","STE-ANNE-DE-BELLEVUE+1",1994,2026
"ISI","05-19",2001-05-19,5.15294117647059,3.8950477607885,12.5,NA,22,2023-06-03,NA,5,"702FHL8","STE-ANNE-DE-BELLEVUE+1",1994,2026
"ISI","05-20",2001-05-20,5.1,3.99217985566783,12.5,NA,22,2023-06-03,NA,5,"702FHL8","STE-ANNE-DE-BELLEVUE+1",1994,2026
"ISI","05-21",2001-05-21,6.73529411764706,4.16367343467139,14.5,NA,22,2023-06-03,NA,5,"702FHL8","STE-ANNE-DE-BELLEVUE+1",1994,2026
"ISI","05-22",2001-05-22,5.26470588235294,4.02537904682133,13.4,NA,22,2023-06-03,NA,5,"702FHL8","STE-ANNE-DE-BELLEVUE+1",1994,2026
"ISI","05-23",2001-05-23,6.07058823529412,5.14560063377959,18.9,NA,22,2023-06-03,NA,5,"702FHL8","STE-ANNE-DE-BELLEVUE+1",1994,2026
"ISI","05-24",2001-05-24,4.81176470588235,4.02102013687776,12.1,NA,22,2023-06-03,NA,5,"702FHL8","STE-ANNE-DE-BELLEVUE+1",1994,2026
"ISI","05-25",2001-05-25,4.71764705882353,3.93084521669921,14.2,NA,22,2023-06-03,NA,5,"702FHL8","STE-ANNE-DE-BELLEVUE+1",1994,2026
"ISI","05-26",2001-05-26,3.93529411764706,4.46933177002874,15.6,NA,22,2023-06-03,NA,5,"702FHL8","STE-ANNE-DE-BELLEVUE+1",1994,2026
"ISI","05-27",2001-05-27,4.61764705882353,4.41874349987042,13.8,NA,22,2023-06-03,NA,5,"702FHL8","STE-ANNE-DE-BELLEVUE+1",1994,2026
"ISI","05-28",2001-05-28,4.12352941176471,4.01084925729027,15.1,NA,22,2023-06-03,NA,5,"702FHL8","STE-ANNE-DE-BELLEVUE+1",1994,2026
"ISI","05-29",2001-05-29,2.99411764705882,4.09747949784915,14,NA,22,2023-06-03,NA,5,"702FHL8","STE-ANNE-DE-BELLEVUE+1",1994,2026
"ISI","05-30",2001-05-30,4.03529411764706,3.80656360390684,11.1,NA,22,2023-06-03,NA,5,"702FHL8","STE-ANNE-DE-BELLEVUE+1",1994,2026
"ISI","05-31",2001-05-31,5.04705882352941,5.09351519668132,15.9,NA,22,2023-06-03,NA,5,"702FHL8","STE-ANNE-DE-BELLEVUE+1",1994,2026
"ISI","06-01",2001-06-01,5.44705882352941,5.23427617334274,20.7,NA,22,2023-06-03,NA,6,"702FHL8","STE-ANNE-DE-BELLEVUE+1",1994,2026
"ISI","06-02",2001-06-02,3.52352941176471,4.40021724062641,12.9,NA,22,2023-06-03,NA,6,"702FHL8","STE-ANNE-DE-BELLEVUE+1",1994,2026
"ISI","06-03",2001-06-03,3.18235294117647,4.27700761253088,22,NA,22,2023-06-03,NA,6,"702FHL8","STE-ANNE-DE-BELLEVUE+1",1994,2026
"ISI","06-04",2001-06-04,2.27058823529412,1.84992050703616,13.1,NA,22,2023-06-03,NA,6,"702FHL8","STE-ANNE-DE-BELLEVUE+1",1994,2026
"ISI","06-05",2001-06-05,3.82352941176471,3.74491812523397,12.7,NA,22,2023-06-03,NA,6,"702FHL8","STE-ANNE-DE-BELLEVUE+1",1994,2026
"ISI","06-06",2001-06-06,2.58823529411765,2.8213211340038,11.2,NA,22,2023-06-03,NA,6,"702FHL8","STE-ANNE-DE-BELLEVUE+1",1994,2026
"ISI","06-07",2001-06-07,2.94705882352941,2.62109653748646,9.9,NA,22,2023-06-03,NA,6,"702FHL8","STE-ANNE-DE-BELLEVUE+1",1994,2026
"ISI","06-08",2001-06-08,4.03529411764706,3.29278399998971,10,NA,22,2023-06-03,NA,6,"702FHL8","STE-ANNE-DE-BELLEVUE+1",1994,2026
"ISI","06-09",2001-06-09,4.43529411764706,2.82288442388069,10.4,NA,22,2023-06-03,NA,6,"702FHL8","STE-ANNE-DE-BELLEVUE+1",1994,2026
"ISI","06-10",2001-06-10,5.60588235294118,3.88626919233526,14.9,NA,22,2023-06-03,NA,6,"702FHL8","STE-ANNE-DE-BELLEVUE+1",1994,2026
"ISI","06-11",2001-06-11,5.7,5.31566082439427,18.4,NA,22,2023-06-03,NA,6,"702FHL8","STE-ANNE-DE-BELLEVUE+1",1994,2026
"ISI","06-12",2001-06-12,4.07058823529412,4.55189036361301,12.9,NA,22,2023-06-03,NA,6,"702FHL8","STE-ANNE-DE-BELLEVUE+1",1994,2026
"ISI","06-13",2001-06-13,2.86470588235294,2.53942443687309,8.2,NA,22,2023-06-03,NA,6,"702FHL8","STE-ANNE-DE-BELLEVUE+1",1994,2026
"ISI","06-14",2001-06-14,3.77647058823529,4.66724348676024,17.9,NA,22,2023-06-03,NA,6,"702FHL8","STE-ANNE-DE-BELLEVUE+1",1994,2026
"ISI","06-15",2001-06-15,4.84117647058823,4.31002593140827,12.8,NA,22,2023-06-03,NA,6,"702FHL8","STE-ANNE-DE-BELLEVUE+1",1994,2026
"ISI","06-16",2001-06-16,4.12352941176471,3.34841929344368,10.4,NA,22,2023-06-03,NA,6,"702FHL8","STE-ANNE-DE-BELLEVUE+1",1994,2026
"ISI","06-17",2001-06-17,3.75294117647059,2.98100604810247,8.9,NA,22,2023-06-03,NA,6,"702FHL8","STE-ANNE-DE-BELLEVUE+1",1994,2026
"ISI","06-18",2001-06-18,4.87058823529412,3.98211073205567,12.1,NA,22,2023-06-03,NA,6,"702FHL8","STE-ANNE-DE-BELLEVUE+1",1994,2026
"ISI","06-19",2001-06-19,5.11176470588235,3.39703590519389,13.6,NA,22,2023-06-03,NA,6,"702FHL8","STE-ANNE-DE-BELLEVUE+1",1994,2026
"ISI","06-20",2001-06-20,5.34705882352941,4.01670226165987,16.5,NA,22,2023-06-03,NA,6,"702FHL8","STE-ANNE-DE-BELLEVUE+1",1994,2026
"ISI","06-21",2001-06-21,5.80588235294118,3.85802258097255,13.5,NA,22,2023-06-03,NA,6,"702FHL8","STE-ANNE-DE-BELLEVUE+1",1994,2026
"ISI","06-22",2001-06-22,5.57647058823529,4.00741958930006,13.1,NA,22,2023-06-03,NA,6,"702FHL8","STE-ANNE-DE-BELLEVUE+1",1994,2026
"ISI","06-23",2001-06-23,4.66470588235294,3.8394239764043,12.1,NA,22,2023-06-03,NA,6,"702FHL8","STE-ANNE-DE-BELLEVUE+1",1994,2026
"ISI","06-24",2001-06-24,3.62941176470588,3.36373391967215,11,NA,22,2023-06-03,NA,6,"702FHL8","STE-ANNE-DE-BELLEVUE+1",1994,2026
"ISI","06-25",2001-06-25,2.29411764705882,3.03077353744784,10.7,NA,22,2023-06-03,NA,6,"702FHL8","STE-ANNE-DE-BELLEVUE+1",1994,2026
"ISI","06-26",2001-06-26,3.76470588235294,3.43601170990266,10.1,NA,22,2023-06-03,NA,6,"702FHL8","STE-ANNE-DE-BELLEVUE+1",1994,2026
"ISI","06-27",2001-06-27,3.32352941176471,2.98779379554645,11.3,NA,22,2023-06-03,NA,6,"702FHL8","STE-ANNE-DE-BELLEVUE+1",1994,2026
"ISI","06-28",2001-06-28,2.9,2.98872882677569,8.7,NA,22,2023-06-03,NA,6,"702FHL8","STE-ANNE-DE-BELLEVUE+1",1994,2026
"ISI","06-29",2001-06-29,2.63529411764706,2.71360949117375,9.8,NA,22,2023-06-03,NA,6,"702FHL8","STE-ANNE-DE-BELLEVUE+1",1994,2026
"ISI","06-30",2001-06-30,3,2.69304660189905,9.6,NA,22,2023-06-03,NA,6,"702FHL8","STE-ANNE-DE-BELLEVUE+1",1994,2026
"ISI","07-01",2001-07-01,2.87647058823529,2.66751977775346,7.7,NA,22,2023-06-03,NA,7,"702FHL8","STE-ANNE-DE-BELLEVUE+1",1994,2026
"ISI","07-02",2001-07-02,3.93529411764706,2.67276569691177,10.7,NA,22,2023-06-03,NA,7,"702FHL8","STE-ANNE-DE-BELLEVUE+1",1994,2026
"ISI","07-03",2001-07-03,4.21764705882353,2.78034064777089,9.9,NA,22,2023-06-03,NA,7,"702FHL8","STE-ANNE-DE-BELLEVUE+1",1994,2026
"ISI","07-04",2001-07-04,4.74705882352941,3.63337268372287,12.9,NA,22,2023-06-03,NA,7,"702FHL8","STE-ANNE-DE-BELLEVUE+1",1994,2026
"ISI","07-05",2001-07-05,5.44117647058823,4.2013478229506,13.8,NA,22,2023-06-03,NA,7,"702FHL8","STE-ANNE-DE-BELLEVUE+1",1994,2026
"ISI","07-06",2001-07-06,4.95294117647059,4.11978725892776,15,NA,22,2023-06-03,NA,7,"702FHL8","STE-ANNE-DE-BELLEVUE+1",1994,2026
"ISI","07-07",2001-07-07,3.62352941176471,3.20654202603145,11.2,NA,22,2023-06-03,NA,7,"702FHL8","STE-ANNE-DE-BELLEVUE+1",1994,2026
"ISI","07-08",2001-07-08,4.24117647058824,4.3124904091965,14.6,NA,22,2023-06-03,NA,7,"702FHL8","STE-ANNE-DE-BELLEVUE+1",1994,2026
"ISI","07-09",2001-07-09,4.22941176470588,4.42475489517249,15.3,NA,22,2023-06-03,NA,7,"702FHL8","STE-ANNE-DE-BELLEVUE+1",1994,2026
"ISI","07-10",2001-07-10,4.31764705882353,3.27036605254627,11.2,NA,22,2023-06-03,NA,7,"702FHL8","STE-ANNE-DE-BELLEVUE+1",1994,2026
"ISI","07-11",2001-07-11,4.24705882352941,2.83132425886254,9,NA,22,2023-06-03,NA,7,"702FHL8","STE-ANNE-DE-BELLEVUE+1",1994,2026
"ISI","07-12",2001-07-12,5.24705882352941,3.59167747143637,16.7,NA,22,2023-06-03,NA,7,"702FHL8","STE-ANNE-DE-BELLEVUE+1",1994,2026
"ISI","07-13",2001-07-13,4.32352941176471,3.41934376228917,12.8,NA,22,2023-06-03,NA,7,"702FHL8","STE-ANNE-DE-BELLEVUE+1",1994,2026
"ISI","07-14",2001-07-14,3.44705882352941,2.79197905773369,11.5,NA,22,2023-06-03,NA,7,"702FHL8","STE-ANNE-DE-BELLEVUE+1",1994,2026
"ISI","07-15",2001-07-15,3.40588235294118,2.78533449253301,9.1,NA,22,2023-06-03,NA,7,"702FHL8","STE-ANNE-DE-BELLEVUE+1",1994,2026
"ISI","07-16",2001-07-16,3.62352941176471,2.37184775327294,9.2,NA,22,2023-06-03,NA,7,"702FHL8","STE-ANNE-DE-BELLEVUE+1",1994,2026
"ISI","07-17",2001-07-17,3.26470588235294,3.14025102031481,11.2,NA,22,2023-06-03,NA,7,"702FHL8","STE-ANNE-DE-BELLEVUE+1",1994,2026
"ISI","07-18",2001-07-18,2.95294117647059,2.20627447495173,6.3,NA,22,2023-06-03,NA,7,"702FHL8","STE-ANNE-DE-BELLEVUE+1",1994,2026
"ISI","07-19",2001-07-19,3.21764705882353,2.4013629708245,7.6,NA,22,2023-06-03,NA,7,"702FHL8","STE-ANNE-DE-BELLEVUE+1",1994,2026
"ISI","07-20",2001-07-20,4.11176470588235,2.86572031803114,10,NA,22,2023-06-03,NA,7,"702FHL8","STE-ANNE-DE-BELLEVUE+1",1994,2026
"ISI","07-21",2001-07-21,4.87058823529412,4.05351154955218,15.6,NA,22,2023-06-03,NA,7,"702FHL8","STE-ANNE-DE-BELLEVUE+1",1994,2026
"ISI","07-22",2001-07-22,4.84117647058823,3.89375442592516,13.9,NA,22,2023-06-03,NA,7,"702FHL8","STE-ANNE-DE-BELLEVUE+1",1994,2026
"ISI","07-23",2001-07-23,3.77647058823529,3.12920305584439,11.6,NA,22,2023-06-03,NA,7,"702FHL8","STE-ANNE-DE-BELLEVUE+1",1994,2026
"ISI","07-24",2001-07-24,2.7,2.65141471671257,13.3,NA,22,2023-06-03,NA,7,"702FHL8","STE-ANNE-DE-BELLEVUE+1",1994,2026
"ISI","07-25",2001-07-25,3.49411764705882,2.52845570166735,7.5,NA,22,2023-06-03,NA,7,"702FHL8","STE-ANNE-DE-BELLEVUE+1",1994,2026
"ISI","07-26",2001-07-26,4.08823529411765,3.40732342773275,10.8,NA,22,2023-06-03,NA,7,"702FHL8","STE-ANNE-DE-BELLEVUE+1",1994,2026
"ISI","07-27",2001-07-27,3.12941176470588,2.21578561290413,7.6,NA,22,2023-06-03,NA,7,"702FHL8","STE-ANNE-DE-BELLEVUE+1",1994,2026
"ISI","07-28",2001-07-28,3.82941176470588,2.71817142254732,8.4,NA,22,2023-06-03,NA,7,"702FHL8","STE-ANNE-DE-BELLEVUE+1",1994,2026
"ISI","07-29",2001-07-29,3.27058823529412,2.55826227786616,8.9,NA,22,2023-06-03,NA,7,"702FHL8","STE-ANNE-DE-BELLEVUE+1",1994,2026
"ISI","07-30",2001-07-30,3.01764705882353,2.30142219456732,6.3,NA,22,2023-06-03,NA,7,"702FHL8","STE-ANNE-DE-BELLEVUE+1",1994,2026
"ISI","07-31",2001-07-31,3.52352941176471,2.48533936610393,8.4,NA,22,2023-06-03,NA,7,"702FHL8","STE-ANNE-DE-BELLEVUE+1",1994,2026
"ISI","08-01",2001-08-01,4.35294117647059,2.97659991581394,9.3,NA,22,2023-06-03,NA,8,"702FHL8","STE-ANNE-DE-BELLEVUE+1",1994,2026
"ISI","08-02",2001-08-02,3.41176470588235,3.2175072558079,10.8,NA,22,2023-06-03,NA,8,"702FHL8","STE-ANNE-DE-BELLEVUE+1",1994,2026
"ISI","08-03",2001-08-03,3.21176470588235,2.88939490917674,9.1,NA,22,2023-06-03,NA,8,"702FHL8","STE-ANNE-DE-BELLEVUE+1",1994,2026
"ISI","08-04",2001-08-04,3.12941176470588,2.88980204899106,8.9,NA,22,2023-06-03,NA,8,"702FHL8","STE-ANNE-DE-BELLEVUE+1",1994,2026
"ISI","08-05",2001-08-05,3.47058823529412,2.8874220132071,10.8,NA,22,2023-06-03,NA,8,"702FHL8","STE-ANNE-DE-BELLEVUE+1",1994,2026
"ISI","08-06",2001-08-06,3.72352941176471,2.61331432566117,10,NA,22,2023-06-03,NA,8,"702FHL8","STE-ANNE-DE-BELLEVUE+1",1994,2026
"ISI","08-07",2001-08-07,3.98235294117647,3.29094122063082,11.9,NA,22,2023-06-03,NA,8,"702FHL8","STE-ANNE-DE-BELLEVUE+1",1994,2026
"ISI","08-08",2001-08-08,3.45882352941176,3.09678438536036,13.4,NA,22,2023-06-03,NA,8,"702FHL8","STE-ANNE-DE-BELLEVUE+1",1994,2026
"ISI","08-09",2001-08-09,3.93529411764706,2.77036576476613,8.9,NA,22,2023-06-03,NA,8,"702FHL8","STE-ANNE-DE-BELLEVUE+1",1994,2026
"ISI","08-10",2001-08-10,3.29411764705882,2.38470925592495,9.2,NA,22,2023-06-03,NA,8,"702FHL8","STE-ANNE-DE-BELLEVUE+1",1994,2026
"ISI","08-11",2001-08-11,3.47647058823529,2.2985129463864,8.7,NA,22,2023-06-03,NA,8,"702FHL8","STE-ANNE-DE-BELLEVUE+1",1994,2026
"ISI","08-12",2001-08-12,3.55294117647059,3.09518126429189,11.7,NA,22,2023-06-03,NA,8,"702FHL8","STE-ANNE-DE-BELLEVUE+1",1994,2026
"ISI","08-13",2001-08-13,2.31176470588235,2.0074493620454,6.2,NA,22,2023-06-03,NA,8,"702FHL8","STE-ANNE-DE-BELLEVUE+1",1994,2026
"ISI","08-14",2001-08-14,2.43529411764706,1.87381334998666,10.6,NA,22,2023-06-03,NA,8,"702FHL8","STE-ANNE-DE-BELLEVUE+1",1994,2026
"ISI","08-15",2001-08-15,2.18823529411765,2.08173075616816,6.9,NA,22,2023-06-03,NA,8,"702FHL8","STE-ANNE-DE-BELLEVUE+1",1994,2026
"ISI","08-16",2001-08-16,2.45294117647059,1.8762054948282,8,NA,22,2023-06-03,NA,8,"702FHL8","STE-ANNE-DE-BELLEVUE+1",1994,2026
"ISI","08-17",2001-08-17,2.45294117647059,1.47144386873014,7.2,NA,22,2023-06-03,NA,8,"702FHL8","STE-ANNE-DE-BELLEVUE+1",1994,2026
"ISI","08-18",2001-08-18,3.29411764705882,1.99231981250353,6.8,NA,22,2023-06-03,NA,8,"702FHL8","STE-ANNE-DE-BELLEVUE+1",1994,2026
"ISI","08-19",2001-08-19,4.00588235294118,1.88363697014423,9,NA,22,2023-06-03,NA,8,"702FHL8","STE-ANNE-DE-BELLEVUE+1",1994,2026
"ISI","08-20",2001-08-20,4.48235294117647,1.9571137211841,7.2,NA,22,2023-06-03,NA,8,"702FHL8","STE-ANNE-DE-BELLEVUE+1",1994,2026
"ISI","08-21",2001-08-21,3.34705882352941,3.42511270746285,10.7,NA,22,2023-06-03,NA,8,"702FHL8","STE-ANNE-DE-BELLEVUE+1",1994,2026
"ISI","08-22",2001-08-22,2.77647058823529,2.68084161499815,9.1,NA,22,2023-06-03,NA,8,"702FHL8","STE-ANNE-DE-BELLEVUE+1",1994,2026
"ISI","08-23",2001-08-23,2.88823529411765,2.83038918546133,9.9,NA,22,2023-06-03,NA,8,"702FHL8","STE-ANNE-DE-BELLEVUE+1",1994,2026
"ISI","08-24",2001-08-24,3.92352941176471,2.37290154972891,8.5,NA,22,2023-06-03,NA,8,"702FHL8","STE-ANNE-DE-BELLEVUE+1",1994,2026
"ISI","08-25",2001-08-25,4.69411764705882,3.44010729996814,13.9,NA,22,2023-06-03,NA,8,"702FHL8","STE-ANNE-DE-BELLEVUE+1",1994,2026
"ISI","08-26",2001-08-26,3.87058823529412,2.37612202598119,10,NA,22,2023-06-03,NA,8,"702FHL8","STE-ANNE-DE-BELLEVUE+1",1994,2026
"ISI","08-27",2001-08-27,4.08235294117647,2.40630299788847,8.2,NA,22,2023-06-03,NA,8,"702FHL8","STE-ANNE-DE-BELLEVUE+1",1994,2026
"ISI","08-28",2001-08-28,5.11176470588235,2.95442091469318,11,NA,22,2023-06-03,NA,8,"702FHL8","STE-ANNE-DE-BELLEVUE+1",1994,2026
"ISI","08-29",2001-08-29,4.94117647058824,3.36471745164609,11.3,NA,22,2023-06-03,NA,8,"702FHL8","STE-ANNE-DE-BELLEVUE+1",1994,2026
"ISI","08-30",2001-08-30,4.70588235294118,2.87716670272929,11.7,NA,22,2023-06-03,NA,8,"702FHL8","STE-ANNE-DE-BELLEVUE+1",1994,2026
"ISI","08-31",2001-08-31,3.23529411764706,3.15236839068473,11.5,NA,22,2023-06-03,NA,8,"702FHL8","STE-ANNE-DE-BELLEVUE+1",1994,2026
"ISI","09-01",2001-09-01,3.40588235294118,2.26783778857618,7.3,NA,22,2023-06-03,NA,9,"702FHL8","STE-ANNE-DE-BELLEVUE+1",1994,2026
"ISI","09-02",2001-09-02,3.50588235294118,2.683856969977,10.3,NA,22,2023-06-03,NA,9,"702FHL8","STE-ANNE-DE-BELLEVUE+1",1994,2026
"ISI","09-03",2001-09-03,3.47058823529412,2.98888873703136,8.4,NA,22,2023-06-03,NA,9,"702FHL8","STE-ANNE-DE-BELLEVUE+1",1994,2026
"ISI","09-04",2001-09-04,3.91176470588235,2.5144289493196,8.3,NA,22,2023-06-03,NA,9,"702FHL8","STE-ANNE-DE-BELLEVUE+1",1994,2026
"ISI","09-05",2001-09-05,4.84117647058823,2.89958161282137,10.8,NA,22,2023-06-03,NA,9,"702FHL8","STE-ANNE-DE-BELLEVUE+1",1994,2026
"ISI","09-06",2001-09-06,3.57647058823529,2.28432960947099,8.1,NA,22,2023-06-03,NA,9,"702FHL8","STE-ANNE-DE-BELLEVUE+1",1994,2026
"ISI","09-07",2001-09-07,3.24705882352941,3.16368409592733,11,NA,22,2023-06-03,NA,9,"702FHL8","STE-ANNE-DE-BELLEVUE+1",1994,2026
"ISI","09-08",2001-09-08,1.91764705882353,2.63562973834472,8.7,NA,22,2023-06-03,NA,9,"702FHL8","STE-ANNE-DE-BELLEVUE+1",1994,2026
"ISI","09-09",2001-09-09,2.28235294117647,2.43547615829986,7.4,NA,22,2023-06-03,NA,9,"702FHL8","STE-ANNE-DE-BELLEVUE+1",1994,2026
"ISI","09-10",2001-09-10,2.56470588235294,2.26906951647327,9.4,NA,22,2023-06-03,NA,9,"702FHL8","STE-ANNE-DE-BELLEVUE+1",1994,2026
"ISI","09-11",2001-09-11,2.32352941176471,1.44677633541121,5.1,NA,22,2023-06-03,NA,9,"702FHL8","STE-ANNE-DE-BELLEVUE+1",1994,2026
"ISI","09-12",2001-09-12,2.87058823529412,2.58596324071959,9.2,NA,22,2023-06-03,NA,9,"702FHL8","STE-ANNE-DE-BELLEVUE+1",1994,2026
"ISI","09-13",2001-09-13,2.56470588235294,2.46422938676338,7.7,NA,22,2023-06-03,NA,9,"702FHL8","STE-ANNE-DE-BELLEVUE+1",1994,2026
"ISI","09-14",2001-09-14,1.62352941176471,2.02099276710875,6.7,NA,22,2023-06-03,NA,9,"702FHL8","STE-ANNE-DE-BELLEVUE+1",1994,2026
"ISI","09-15",2001-09-15,1.67647058823529,1.1272363393299,4.3,NA,22,2023-06-03,NA,9,"702FHL8","STE-ANNE-DE-BELLEVUE+1",1994,2026
"ISI","09-16",2001-09-16,2.24705882352941,1.69893998093621,5.3,NA,22,2023-06-03,NA,9,"702FHL8","STE-ANNE-DE-BELLEVUE+1",1994,2026
"ISI","09-17",2001-09-17,2.71764705882353,2.64178805312748,10.1,NA,22,2023-06-03,NA,9,"702FHL8","STE-ANNE-DE-BELLEVUE+1",1994,2026
"ISI","09-18",2001-09-18,2.59411764705882,1.59901164326409,5,NA,22,2023-06-03,NA,9,"702FHL8","STE-ANNE-DE-BELLEVUE+1",1994,2026
"ISI","09-19",2001-09-19,3.45882352941176,2.0679273510962,8.1,NA,22,2023-06-03,NA,9,"702FHL8","STE-ANNE-DE-BELLEVUE+1",1994,2026
"ISI","09-20",2001-09-20,3.38235294117647,2.11814638720912,8,NA,22,2023-06-03,NA,9,"702FHL8","STE-ANNE-DE-BELLEVUE+1",1994,2026
"ISI","09-21",2001-09-21,3.35882352941176,2.15147008564185,8.4,NA,22,2023-06-03,NA,9,"702FHL8","STE-ANNE-DE-BELLEVUE+1",1994,2026
"ISI","09-22",2001-09-22,3.04117647058824,2.56735730458613,8.5,NA,22,2023-06-03,NA,9,"702FHL8","STE-ANNE-DE-BELLEVUE+1",1994,2026
"ISI","09-23",2001-09-23,2.4,1.81245689603919,6.4,NA,22,2023-06-03,NA,9,"702FHL8","STE-ANNE-DE-BELLEVUE+1",1994,2026
"ISI","09-24",2001-09-24,2.41176470588235,1.59212215020597,5.3,NA,22,2023-06-03,NA,9,"702FHL8","STE-ANNE-DE-BELLEVUE+1",1994,2026
"ISI","09-25",2001-09-25,2.54117647058824,1.62020786611217,7,NA,22,2023-06-03,NA,9,"702FHL8","STE-ANNE-DE-BELLEVUE+1",1994,2026
"ISI","09-26",2001-09-26,2.51176470588235,1.63243772964743,6,NA,22,2023-06-03,NA,9,"702FHL8","STE-ANNE-DE-BELLEVUE+1",1994,2026
"ISI","09-27",2001-09-27,2.71176470588235,2.25579319556924,7.3,NA,22,2023-06-03,NA,9,"702FHL8","STE-ANNE-DE-BELLEVUE+1",1994,2026
"ISI","09-28",2001-09-28,2.28235294117647,1.68123291594207,5.3,NA,22,2023-06-03,NA,9,"702FHL8","STE-ANNE-DE-BELLEVUE+1",1994,2026
"ISI","09-29",2001-09-29,2.27058823529412,1.91172850644461,5.7,NA,22,2023-06-03,NA,9,"702FHL8","STE-ANNE-DE-BELLEVUE+1",1994,2026
"ISI","09-30",2001-09-30,1.63529411764706,1.5664215494522,4.4,NA,22,2023-06-03,NA,9,"702FHL8","STE-ANNE-DE-BELLEVUE+1",1994,2026
"ISI","10-01",2001-10-01,1.81176470588235,1.82444592717254,5.4,NA,22,2023-06-03,NA,10,"702FHL8","STE-ANNE-DE-BELLEVUE+1",1994,2026
"ISI","10-02",2001-10-02,2.49375,2.68662582681946,8.2,NA,22,2023-06-03,NA,10,"702FHL8","STE-ANNE-DE-BELLEVUE+1",1994,2026
"ISI","10-03",2001-10-03,2.31176470588235,1.79090841228033,6.2,NA,22,2023-06-03,NA,10,"702FHL8","STE-ANNE-DE-BELLEVUE+1",1994,2026
"ISI","10-04",2001-10-04,2.14705882352941,2.2525312559038,6.6,NA,22,2023-06-03,NA,10,"702FHL8","STE-ANNE-DE-BELLEVUE+1",1994,2026
"ISI","10-05",2001-10-05,2.15294117647059,1.60745048409695,7.7,NA,22,2023-06-03,NA,10,"702FHL8","STE-ANNE-DE-BELLEVUE+1",1994,2026
"ISI","10-06",2001-10-06,2.58235294117647,2.04243582950531,8,NA,22,2023-06-03,NA,10,"702FHL8","STE-ANNE-DE-BELLEVUE+1",1994,2026
"ISI","10-07",2001-10-07,1.9,1.6393596310755,5.5,NA,22,2023-06-03,NA,10,"702FHL8","STE-ANNE-DE-BELLEVUE+1",1994,2026
"ISI","10-08",2001-10-08,1.92941176470588,1.84620039062745,5.8,NA,22,2023-06-03,NA,10,"702FHL8","STE-ANNE-DE-BELLEVUE+1",1994,2026
"ISI","10-09",2001-10-09,1.54375,1.10692893478609,4.3,NA,22,2023-06-03,NA,10,"702FHL8","STE-ANNE-DE-BELLEVUE+1",1994,2026
"ISI","10-10",2001-10-10,2.48823529411765,2.26822682754095,6.9,NA,22,2023-06-03,NA,10,"702FHL8","STE-ANNE-DE-BELLEVUE+1",1994,2026
"ISI","10-11",2001-10-11,2.08823529411765,1.70619545808107,5.9,NA,22,2023-06-03,NA,10,"702FHL8","STE-ANNE-DE-BELLEVUE+1",1994,2026
"ISI","10-12",2001-10-12,3.11176470588235,1.38152196550633,5.2,NA,22,2023-06-03,NA,10,"702FHL8","STE-ANNE-DE-BELLEVUE+1",1994,2026
"ISI","10-13",2001-10-13,2.59411764705882,1.69722957648461,5.7,NA,22,2023-06-03,NA,10,"702FHL8","STE-ANNE-DE-BELLEVUE+1",1994,2026
"ISI","10-14",2001-10-14,2.01176470588235,1.93063537240373,5.7,NA,22,2023-06-03,NA,10,"702FHL8","STE-ANNE-DE-BELLEVUE+1",1994,2026
"ISI","10-15",2001-10-15,1.45294117647059,1.27284997498666,3.8,NA,22,2023-06-03,NA,10,"702FHL8","STE-ANNE-DE-BELLEVUE+1",1994,2026
"ISI","10-16",2001-10-16,1.70588235294118,1.90836009057361,5.8,NA,22,2023-06-03,NA,10,"702FHL8","STE-ANNE-DE-BELLEVUE+1",1994,2026
"ISI","10-17",2001-10-17,1.62941176470588,1.57708778523992,5.3,NA,22,2023-06-03,NA,10,"702FHL8","STE-ANNE-DE-BELLEVUE+1",1994,2026
"ISI","10-18",2001-10-18,2.51764705882353,2.17894334888428,7.2,NA,22,2023-06-03,NA,10,"702FHL8","STE-ANNE-DE-BELLEVUE+1",1994,2026
"ISI","10-19",2001-10-19,3.08235294117647,2.8194049226117,8,NA,22,2023-06-03,NA,10,"702FHL8","STE-ANNE-DE-BELLEVUE+1",1994,2026
"ISI","10-20",2001-10-20,2.86470588235294,3.49802465265587,10.5,NA,22,2023-06-03,NA,10,"702FHL8","STE-ANNE-DE-BELLEVUE+1",1994,2026
"ISI","10-21",2001-10-21,1.85882352941176,2.07305897875863,6.3,NA,22,2023-06-03,NA,10,"702FHL8","STE-ANNE-DE-BELLEVUE+1",1994,2026
"ISI","10-22",2001-10-22,2.025,1.85885269274715,6.8,NA,22,2023-06-03,NA,10,"702FHL8","STE-ANNE-DE-BELLEVUE+1",1994,2026
"ISI","10-23",2001-10-23,1.94117647058824,2.28201085216783,8.6,NA,22,2023-06-03,NA,10,"702FHL8","STE-ANNE-DE-BELLEVUE+1",1994,2026
"ISI","10-24",2001-10-24,2.92352941176471,3.62086478133413,13.4,NA,22,2023-06-03,NA,10,"702FHL8","STE-ANNE-DE-BELLEVUE+1",1994,2026
"ISI","10-25",2001-10-25,2.09411764705882,1.47031909301829,4.8,NA,22,2023-06-03,NA,10,"702FHL8","STE-ANNE-DE-BELLEVUE+1",1994,2026
"ISI","10-26",2001-10-26,1.95882352941176,1.65040102078609,6.3,NA,22,2023-06-03,NA,10,"702FHL8","STE-ANNE-DE-BELLEVUE+1",1994,2026
"ISI","10-27",2001-10-27,1.98,1.61475340886111,6.6,NA,22,2023-06-03,NA,10,"702FHL8","STE-ANNE-DE-BELLEVUE+1",1994,2026
"ISI","10-28",2001-10-28,2.57857142857143,2.77160841152086,8.8,NA,22,2023-06-03,NA,10,"702FHL8","STE-ANNE-DE-BELLEVUE+1",1994,2026
"ISI","10-29",2001-10-29,2.55,3.86660919497519,15.6,NA,22,2023-06-03,NA,10,"702FHL8","STE-ANNE-DE-BELLEVUE+1",1994,2026
"ISI","10-30",2001-10-30,1.86470588235294,1.75710741577976,5.4,NA,22,2023-06-03,NA,10,"702FHL8","STE-ANNE-DE-BELLEVUE+1",1994,2026
"ISI","10-31",2001-10-31,1.5125,1.51695967865552,6.2,NA,22,2023-06-03,NA,10,"702FHL8","STE-ANNE-DE-BELLEVUE+1",1994,2026
