"variable","MD","PLOT_DATE","clim_mean","clim_sd","clim_max","value","rec_all_val","rec_all_date","value_record","MONTH","AES","NAME","por_start","por_end"
"BUI","04-01",2001-04-01,17.5,NA,17.5,NA,257.5,2010-08-06,NA,4,"1091174","BURNS+LAKE+DECKER+LAKE",1991,2026
"BUI","04-02",2001-04-02,19.3,NA,19.3,NA,257.5,2010-08-06,NA,4,"1091174","BURNS+LAKE+DECKER+LAKE",1991,2026
"BUI","04-03",2001-04-03,21.2,NA,21.2,NA,257.5,2010-08-06,NA,4,"1091174","BURNS+LAKE+DECKER+LAKE",1991,2026
"BUI","04-04",2001-04-04,13.9,NA,13.9,NA,257.5,2010-08-06,NA,4,"1091174","BURNS+LAKE+DECKER+LAKE",1991,2026
"BUI","04-05",2001-04-05,15.1,NA,15.1,NA,257.5,2010-08-06,NA,4,"1091174","BURNS+LAKE+DECKER+LAKE",1991,2026
"BUI","04-06",2001-04-06,15.4,2.82842712474619,17.4,NA,257.5,2010-08-06,NA,4,"1091174","BURNS+LAKE+DECKER+LAKE",1991,2026
"BUI","04-07",2001-04-07,17.3,3.53553390593274,19.8,NA,257.5,2010-08-06,NA,4,"1091174","BURNS+LAKE+DECKER+LAKE",1991,2026
"BUI","04-08",2001-04-08,19.3,4.38406204335659,22.4,NA,257.5,2010-08-06,NA,4,"1091174","BURNS+LAKE+DECKER+LAKE",1991,2026
"BUI","04-09",2001-04-09,16.5666666666667,8.35783065952723,24.3,NA,257.5,2010-08-06,NA,4,"1091174","BURNS+LAKE+DECKER+LAKE",1991,2026
"BUI","04-10",2001-04-10,18.3,7.57935793234933,27,8.8,257.5,2010-08-06,NA,4,"1091174","BURNS+LAKE+DECKER+LAKE",1991,2026
"BUI","04-11",2001-04-11,19.5,10.1680873324338,29.3,9.9,257.5,2010-08-06,NA,4,"1091174","BURNS+LAKE+DECKER+LAKE",1991,2026
"BUI","04-12",2001-04-12,17.8333333333333,6.88863798826251,22.3,10.9,257.5,2010-08-06,NA,4,"1091174","BURNS+LAKE+DECKER+LAKE",1991,2026
"BUI","04-13",2001-04-13,15.825,6.02570881031159,22.6,11.9,257.5,2010-08-06,NA,4,"1091174","BURNS+LAKE+DECKER+LAKE",1991,2026
"BUI","04-14",2001-04-14,16.475,4.88560811636245,21.7,12.1,257.5,2010-08-06,NA,4,"1091174","BURNS+LAKE+DECKER+LAKE",1991,2026
"BUI","04-15",2001-04-15,18.4,4.41474801092882,23.6,10.1,257.5,2010-08-06,NA,4,"1091174","BURNS+LAKE+DECKER+LAKE",1991,2026
"BUI","04-16",2001-04-16,18.35,5.64331462883295,25.4,NA,257.5,2010-08-06,NA,4,"1091174","BURNS+LAKE+DECKER+LAKE",1991,2026
"BUI","04-17",2001-04-17,19.5166666666667,5.65735509462387,28.5,11.7,257.5,2010-08-06,NA,4,"1091174","BURNS+LAKE+DECKER+LAKE",1991,2026
"BUI","04-18",2001-04-18,21.8285714285714,5.99352825574227,30.4,13.4,257.5,2010-08-06,NA,4,"1091174","BURNS+LAKE+DECKER+LAKE",1991,2026
"BUI","04-19",2001-04-19,23.0142857142857,7.97505038049469,34.3,14.9,257.5,2010-08-06,NA,4,"1091174","BURNS+LAKE+DECKER+LAKE",1991,2026
"BUI","04-20",2001-04-20,23.45,9.38555120536729,37.2,16.6,257.5,2010-08-06,NA,4,"1091174","BURNS+LAKE+DECKER+LAKE",1991,2026
"BUI","04-21",2001-04-21,24.4125,10.2285926276716,39.2,18.4,257.5,2010-08-06,NA,4,"1091174","BURNS+LAKE+DECKER+LAKE",1991,2026
"BUI","04-22",2001-04-22,24.1875,10.7279924230292,40.1,19.8,257.5,2010-08-06,NA,4,"1091174","BURNS+LAKE+DECKER+LAKE",1991,2026
"BUI","04-23",2001-04-23,23.9444444444444,10.6636193563807,41.7,21.5,257.5,2010-08-06,NA,4,"1091174","BURNS+LAKE+DECKER+LAKE",1991,2026
"BUI","04-24",2001-04-24,20.35,9.41560600087091,43.2,23.3,257.5,2010-08-06,NA,4,"1091174","BURNS+LAKE+DECKER+LAKE",1991,2026
"BUI","04-25",2001-04-25,20.15,10.2327015894231,45.8,25.5,257.5,2010-08-06,NA,4,"1091174","BURNS+LAKE+DECKER+LAKE",1991,2026
"BUI","04-26",2001-04-26,19.9666666666667,10.8611344906618,46.3,27.5,257.5,2010-08-06,NA,4,"1091174","BURNS+LAKE+DECKER+LAKE",1991,2026
"BUI","04-27",2001-04-27,20.1666666666667,10.0084812519032,46.9,29.8,257.5,2010-08-06,NA,4,"1091174","BURNS+LAKE+DECKER+LAKE",1991,2026
"BUI","04-28",2001-04-28,20.4692307692308,7.69939225040789,42.6,32.1,257.5,2010-08-06,NA,4,"1091174","BURNS+LAKE+DECKER+LAKE",1991,2026
"BUI","04-29",2001-04-29,21.6692307692308,8.16816836010218,37.3,34.7,257.5,2010-08-06,NA,4,"1091174","BURNS+LAKE+DECKER+LAKE",1991,2026
"BUI","04-30",2001-04-30,22.3846153846154,9.99523604472369,39.9,36.2,257.5,2010-08-06,NA,4,"1091174","BURNS+LAKE+DECKER+LAKE",1991,2026
"BUI","05-01",2001-05-01,22.8333333333333,10.3933128684242,41.1,34.9,257.5,2010-08-06,NA,5,"1091174","BURNS+LAKE+DECKER+LAKE",1991,2026
"BUI","05-02",2001-05-02,25.04,10.6644804307169,42.9,38,257.5,2010-08-06,NA,5,"1091174","BURNS+LAKE+DECKER+LAKE",1991,2026
"BUI","05-03",2001-05-03,26.4333333333333,11.6991249163997,45.9,40.8,257.5,2010-08-06,NA,5,"1091174","BURNS+LAKE+DECKER+LAKE",1991,2026
"BUI","05-04",2001-05-04,27.9466666666667,11.1311574720092,47.8,44.1,257.5,2010-08-06,NA,5,"1091174","BURNS+LAKE+DECKER+LAKE",1991,2026
"BUI","05-05",2001-05-05,28.2071428571429,12.642630220848,50.6,48.3,257.5,2010-08-06,NA,5,"1091174","BURNS+LAKE+DECKER+LAKE",1991,2026
"BUI","05-06",2001-05-06,28.80625,14.2911846371577,54.8,51.2,257.5,2010-08-06,NA,5,"1091174","BURNS+LAKE+DECKER+LAKE",1991,2026
"BUI","05-07",2001-05-07,33.4142857142857,13.9490753563347,56.3,54.3,257.5,2010-08-06,NA,5,"1091174","BURNS+LAKE+DECKER+LAKE",1991,2026
"BUI","05-08",2001-05-08,34.4333333333333,15.2521973436461,58.2,57.1,257.5,2010-08-06,NA,5,"1091174","BURNS+LAKE+DECKER+LAKE",1991,2026
"BUI","05-09",2001-05-09,34.61875,15.8800595611813,61.1,59.3,257.5,2010-08-06,NA,5,"1091174","BURNS+LAKE+DECKER+LAKE",1991,2026
"BUI","05-10",2001-05-10,38.3533333333333,16.1839367745864,63.7,61.4,257.5,2010-08-06,NA,5,"1091174","BURNS+LAKE+DECKER+LAKE",1991,2026
"BUI","05-11",2001-05-11,38.30625,17.3881748610945,65.4,63.8,257.5,2010-08-06,NA,5,"1091174","BURNS+LAKE+DECKER+LAKE",1991,2026
"BUI","05-12",2001-05-12,39.11875,17.2005123470204,68.4,66.9,257.5,2010-08-06,NA,5,"1091174","BURNS+LAKE+DECKER+LAKE",1991,2026
"BUI","05-13",2001-05-13,42.1333333333333,16.2883686224543,71.9,69.1,257.5,2010-08-06,NA,5,"1091174","BURNS+LAKE+DECKER+LAKE",1991,2026
"BUI","05-14",2001-05-14,41.74375,18.7786037375874,75.8,71.2,257.5,2010-08-06,NA,5,"1091174","BURNS+LAKE+DECKER+LAKE",1991,2026
"BUI","05-15",2001-05-15,42.925,18.8988006674145,80.4,73.2,257.5,2010-08-06,NA,5,"1091174","BURNS+LAKE+DECKER+LAKE",1991,2026
"BUI","05-16",2001-05-16,44.475,20.2627901994436,83.2,NA,257.5,2010-08-06,NA,5,"1091174","BURNS+LAKE+DECKER+LAKE",1991,2026
"BUI","05-17",2001-05-17,43.46875,21.4518287876193,78.9,NA,257.5,2010-08-06,NA,5,"1091174","BURNS+LAKE+DECKER+LAKE",1991,2026
"BUI","05-18",2001-05-18,42.53125,22.3082262480309,81.1,NA,257.5,2010-08-06,NA,5,"1091174","BURNS+LAKE+DECKER+LAKE",1991,2026
"BUI","05-19",2001-05-19,43.9625,21.3645149722618,82.7,NA,257.5,2010-08-06,NA,5,"1091174","BURNS+LAKE+DECKER+LAKE",1991,2026
"BUI","05-20",2001-05-20,44.86875,20.727685793,83.8,NA,257.5,2010-08-06,NA,5,"1091174","BURNS+LAKE+DECKER+LAKE",1991,2026
"BUI","05-21",2001-05-21,46.0125,20.3609061684396,86,NA,257.5,2010-08-06,NA,5,"1091174","BURNS+LAKE+DECKER+LAKE",1991,2026
"BUI","05-22",2001-05-22,46.0866666666667,22.1708581787208,89.9,NA,257.5,2010-08-06,NA,5,"1091174","BURNS+LAKE+DECKER+LAKE",1991,2026
"BUI","05-23",2001-05-23,46.4133333333333,24.0799818066693,93.3,NA,257.5,2010-08-06,NA,5,"1091174","BURNS+LAKE+DECKER+LAKE",1991,2026
"BUI","05-24",2001-05-24,45.21875,25.4731026444235,95.9,NA,257.5,2010-08-06,NA,5,"1091174","BURNS+LAKE+DECKER+LAKE",1991,2026
"BUI","05-25",2001-05-25,46.64375,26.0426821135356,98.6,NA,257.5,2010-08-06,NA,5,"1091174","BURNS+LAKE+DECKER+LAKE",1991,2026
"BUI","05-26",2001-05-26,48.80625,25.8534967009623,100.4,NA,257.5,2010-08-06,NA,5,"1091174","BURNS+LAKE+DECKER+LAKE",1991,2026
"BUI","05-27",2001-05-27,50.8352941176471,24.4602213087001,102.4,NA,257.5,2010-08-06,NA,5,"1091174","BURNS+LAKE+DECKER+LAKE",1991,2026
"BUI","05-28",2001-05-28,50.5941176470588,23.4240120012626,103.9,NA,257.5,2010-08-06,NA,5,"1091174","BURNS+LAKE+DECKER+LAKE",1991,2026
"BUI","05-29",2001-05-29,49.84375,24.2716561376983,105.8,NA,257.5,2010-08-06,NA,5,"1091174","BURNS+LAKE+DECKER+LAKE",1991,2026
"BUI","05-30",2001-05-30,50.5823529411765,26.472207956981,108.2,NA,257.5,2010-08-06,NA,5,"1091174","BURNS+LAKE+DECKER+LAKE",1991,2026
"BUI","05-31",2001-05-31,49.9529411764706,28.5850511117056,110.8,NA,257.5,2010-08-06,NA,5,"1091174","BURNS+LAKE+DECKER+LAKE",1991,2026
"BUI","06-01",2001-06-01,50.8764705882353,28.9356512241336,114.1,NA,257.5,2010-08-06,NA,6,"1091174","BURNS+LAKE+DECKER+LAKE",1991,2026
"BUI","06-02",2001-06-02,52.5117647058824,27.1031566969823,108.5,NA,257.5,2010-08-06,NA,6,"1091174","BURNS+LAKE+DECKER+LAKE",1991,2026
"BUI","06-03",2001-06-03,52.3352941176471,28.286523760805,111.7,NA,257.5,2010-08-06,NA,6,"1091174","BURNS+LAKE+DECKER+LAKE",1991,2026
"BUI","06-04",2001-06-04,52.4529411764706,25.250027664516,113.8,NA,257.5,2010-08-06,NA,6,"1091174","BURNS+LAKE+DECKER+LAKE",1991,2026
"BUI","06-05",2001-06-05,52.6,24.4510991572976,114.9,NA,257.5,2010-08-06,NA,6,"1091174","BURNS+LAKE+DECKER+LAKE",1991,2026
"BUI","06-06",2001-06-06,50.9705882352941,26.0766841427807,118.4,NA,257.5,2010-08-06,NA,6,"1091174","BURNS+LAKE+DECKER+LAKE",1991,2026
"BUI","06-07",2001-06-07,50.2058823529412,28.410549770029,123.7,NA,257.5,2010-08-06,NA,6,"1091174","BURNS+LAKE+DECKER+LAKE",1991,2026
"BUI","06-08",2001-06-08,51.5117647058823,28.3109493472256,129.9,NA,257.5,2010-08-06,NA,6,"1091174","BURNS+LAKE+DECKER+LAKE",1991,2026
"BUI","06-09",2001-06-09,50.8352941176471,26.2134731859513,134,NA,257.5,2010-08-06,NA,6,"1091174","BURNS+LAKE+DECKER+LAKE",1991,2026
"BUI","06-10",2001-06-10,52.8529411764706,27.2961104749161,137,NA,257.5,2010-08-06,NA,6,"1091174","BURNS+LAKE+DECKER+LAKE",1991,2026
"BUI","06-11",2001-06-11,50.6294117647059,22.3254273392998,141.8,NA,257.5,2010-08-06,NA,6,"1091174","BURNS+LAKE+DECKER+LAKE",1991,2026
"BUI","06-12",2001-06-12,52.7352941176471,23.0555020867165,146.6,NA,257.5,2010-08-06,NA,6,"1091174","BURNS+LAKE+DECKER+LAKE",1991,2026
"BUI","06-13",2001-06-13,54.9,24.2755020545405,150.1,NA,257.5,2010-08-06,NA,6,"1091174","BURNS+LAKE+DECKER+LAKE",1991,2026
"BUI","06-14",2001-06-14,54.8764705882353,22.272194812472,153.5,NA,257.5,2010-08-06,NA,6,"1091174","BURNS+LAKE+DECKER+LAKE",1991,2026
"BUI","06-15",2001-06-15,50.1777777777778,24.1323691715104,157.1,NA,257.5,2010-08-06,NA,6,"1091174","BURNS+LAKE+DECKER+LAKE",1991,2026
"BUI","06-16",2001-06-16,49.8944444444444,27.0727445363788,111.4,NA,257.5,2010-08-06,NA,6,"1091174","BURNS+LAKE+DECKER+LAKE",1991,2026
"BUI","06-17",2001-06-17,51.6888888888889,27.9994304330492,115.8,NA,257.5,2010-08-06,NA,6,"1091174","BURNS+LAKE+DECKER+LAKE",1991,2026
"BUI","06-18",2001-06-18,50.3555555555556,27.0023576796812,118.3,NA,257.5,2010-08-06,NA,6,"1091174","BURNS+LAKE+DECKER+LAKE",1991,2026
"BUI","06-19",2001-06-19,49.4611111111111,27.4770094033473,120.2,NA,257.5,2010-08-06,NA,6,"1091174","BURNS+LAKE+DECKER+LAKE",1991,2026
"BUI","06-20",2001-06-20,45.7352941176471,23.936398569346,99.8,NA,257.5,2010-08-06,NA,6,"1091174","BURNS+LAKE+DECKER+LAKE",1991,2026
"BUI","06-21",2001-06-21,49.9,24.1235788974922,102.2,NA,257.5,2010-08-06,NA,6,"1091174","BURNS+LAKE+DECKER+LAKE",1991,2026
"BUI","06-22",2001-06-22,53.2555555555556,24.6518874643617,105.7,NA,257.5,2010-08-06,NA,6,"1091174","BURNS+LAKE+DECKER+LAKE",1991,2026
"BUI","06-23",2001-06-23,54.1222222222222,26.8225224842538,110.7,NA,257.5,2010-08-06,NA,6,"1091174","BURNS+LAKE+DECKER+LAKE",1991,2026
"BUI","06-24",2001-06-24,52.7,23.5051183412314,109.5,NA,257.5,2010-08-06,NA,6,"1091174","BURNS+LAKE+DECKER+LAKE",1991,2026
"BUI","06-25",2001-06-25,48.4666666666667,27.4681419744658,112.1,NA,257.5,2010-08-06,NA,6,"1091174","BURNS+LAKE+DECKER+LAKE",1991,2026
"BUI","06-26",2001-06-26,49.9,30.3959362608963,116.3,NA,257.5,2010-08-06,NA,6,"1091174","BURNS+LAKE+DECKER+LAKE",1991,2026
"BUI","06-27",2001-06-27,52.7611111111111,31.5924067364089,119.4,NA,257.5,2010-08-06,NA,6,"1091174","BURNS+LAKE+DECKER+LAKE",1991,2026
"BUI","06-28",2001-06-28,54.8111111111111,32.155722002722,122.2,NA,257.5,2010-08-06,NA,6,"1091174","BURNS+LAKE+DECKER+LAKE",1991,2026
"BUI","06-29",2001-06-29,54.5055555555556,32.0515847497019,124.8,NA,257.5,2010-08-06,NA,6,"1091174","BURNS+LAKE+DECKER+LAKE",1991,2026
"BUI","06-30",2001-06-30,54.6777777777778,33.7167362099832,126.8,NA,257.5,2010-08-06,NA,6,"1091174","BURNS+LAKE+DECKER+LAKE",1991,2026
"BUI","07-01",2001-07-01,54.4588235294118,35.748969545001,129.9,NA,257.5,2010-08-06,NA,7,"1091174","BURNS+LAKE+DECKER+LAKE",1991,2026
"BUI","07-02",2001-07-02,53.8235294117647,36.6182592672659,132.4,NA,257.5,2010-08-06,NA,7,"1091174","BURNS+LAKE+DECKER+LAKE",1991,2026
"BUI","07-03",2001-07-03,49.9235294117647,35.4545224444598,135,NA,257.5,2010-08-06,NA,7,"1091174","BURNS+LAKE+DECKER+LAKE",1991,2026
"BUI","07-04",2001-07-04,48.1294117647059,36.816670217204,137.3,NA,257.5,2010-08-06,NA,7,"1091174","BURNS+LAKE+DECKER+LAKE",1991,2026
"BUI","07-05",2001-07-05,49.7352941176471,38.3391598300039,140.7,NA,257.5,2010-08-06,NA,7,"1091174","BURNS+LAKE+DECKER+LAKE",1991,2026
"BUI","07-06",2001-07-06,51.635294117647,39.9305481614088,144.7,NA,257.5,2010-08-06,NA,7,"1091174","BURNS+LAKE+DECKER+LAKE",1991,2026
"BUI","07-07",2001-07-07,55.1647058823529,41.3082912557587,150.3,NA,257.5,2010-08-06,NA,7,"1091174","BURNS+LAKE+DECKER+LAKE",1991,2026
"BUI","07-08",2001-07-08,58.2294117647059,42.493025379259,156.7,NA,257.5,2010-08-06,NA,7,"1091174","BURNS+LAKE+DECKER+LAKE",1991,2026
"BUI","07-09",2001-07-09,61.1352941176471,43.1299916122249,161.1,NA,257.5,2010-08-06,NA,7,"1091174","BURNS+LAKE+DECKER+LAKE",1991,2026
"BUI","07-10",2001-07-10,61.2764705882353,42.7980363073437,164.1,NA,257.5,2010-08-06,NA,7,"1091174","BURNS+LAKE+DECKER+LAKE",1991,2026
"BUI","07-11",2001-07-11,61.2764705882353,45.2951781292966,168.2,NA,257.5,2010-08-06,NA,7,"1091174","BURNS+LAKE+DECKER+LAKE",1991,2026
"BUI","07-12",2001-07-12,63.5529411764706,45.8447123129683,170.6,NA,257.5,2010-08-06,NA,7,"1091174","BURNS+LAKE+DECKER+LAKE",1991,2026
"BUI","07-13",2001-07-13,61.8941176470588,46.7486827433169,173.9,NA,257.5,2010-08-06,NA,7,"1091174","BURNS+LAKE+DECKER+LAKE",1991,2026
"BUI","07-14",2001-07-14,63.1529411764706,48.9306156415268,177.4,NA,257.5,2010-08-06,NA,7,"1091174","BURNS+LAKE+DECKER+LAKE",1991,2026
"BUI","07-15",2001-07-15,63.1882352941176,50.8405335627113,179.4,NA,257.5,2010-08-06,NA,7,"1091174","BURNS+LAKE+DECKER+LAKE",1991,2026
"BUI","07-16",2001-07-16,64.9411764705882,52.2238099292785,182.4,NA,257.5,2010-08-06,NA,7,"1091174","BURNS+LAKE+DECKER+LAKE",1991,2026
"BUI","07-17",2001-07-17,65.4588235294118,54.1395772381851,185.3,NA,257.5,2010-08-06,NA,7,"1091174","BURNS+LAKE+DECKER+LAKE",1991,2026
"BUI","07-18",2001-07-18,64.6235294117647,51.6249640364495,189,NA,257.5,2010-08-06,NA,7,"1091174","BURNS+LAKE+DECKER+LAKE",1991,2026
"BUI","07-19",2001-07-19,56.78125,42.6146487920136,159,NA,257.5,2010-08-06,NA,7,"1091174","BURNS+LAKE+DECKER+LAKE",1991,2026
"BUI","07-20",2001-07-20,66.135294117647,53.6777880176762,198.4,NA,257.5,2010-08-06,NA,7,"1091174","BURNS+LAKE+DECKER+LAKE",1991,2026
"BUI","07-21",2001-07-21,59.8647058823529,49.8063116127925,202.6,NA,257.5,2010-08-06,NA,7,"1091174","BURNS+LAKE+DECKER+LAKE",1991,2026
"BUI","07-22",2001-07-22,59.5529411764706,47.8040416393721,205,NA,257.5,2010-08-06,NA,7,"1091174","BURNS+LAKE+DECKER+LAKE",1991,2026
"BUI","07-23",2001-07-23,60.4,45.9346682800692,208.8,NA,257.5,2010-08-06,NA,7,"1091174","BURNS+LAKE+DECKER+LAKE",1991,2026
"BUI","07-24",2001-07-24,60.7294117647059,45.3671655041656,211.5,NA,257.5,2010-08-06,NA,7,"1091174","BURNS+LAKE+DECKER+LAKE",1991,2026
"BUI","07-25",2001-07-25,62.6294117647059,45.618359307217,214.6,NA,257.5,2010-08-06,NA,7,"1091174","BURNS+LAKE+DECKER+LAKE",1991,2026
"BUI","07-26",2001-07-26,63.4470588235294,46.4123113738028,218.9,NA,257.5,2010-08-06,NA,7,"1091174","BURNS+LAKE+DECKER+LAKE",1991,2026
"BUI","07-27",2001-07-27,65.2,46.2793690536075,223.4,NA,257.5,2010-08-06,NA,7,"1091174","BURNS+LAKE+DECKER+LAKE",1991,2026
"BUI","07-28",2001-07-28,66.564705882353,48.2314982814197,227.3,NA,257.5,2010-08-06,NA,7,"1091174","BURNS+LAKE+DECKER+LAKE",1991,2026
"BUI","07-29",2001-07-29,69.9117647058824,48.8640573728909,230.6,NA,257.5,2010-08-06,NA,7,"1091174","BURNS+LAKE+DECKER+LAKE",1991,2026
"BUI","07-30",2001-07-30,71.8411764705882,50.5651690744668,234.4,NA,257.5,2010-08-06,NA,7,"1091174","BURNS+LAKE+DECKER+LAKE",1991,2026
"BUI","07-31",2001-07-31,74.7588235294118,52.0760148583723,238.5,NA,257.5,2010-08-06,NA,7,"1091174","BURNS+LAKE+DECKER+LAKE",1991,2026
"BUI","08-01",2001-08-01,77.3176470588235,52.4222786047845,242.3,NA,257.5,2010-08-06,NA,8,"1091174","BURNS+LAKE+DECKER+LAKE",1991,2026
"BUI","08-02",2001-08-02,81.4117647058823,52.4861158111474,245.1,NA,257.5,2010-08-06,NA,8,"1091174","BURNS+LAKE+DECKER+LAKE",1991,2026
"BUI","08-03",2001-08-03,81.6470588235294,54.4938886211915,249.1,NA,257.5,2010-08-06,NA,8,"1091174","BURNS+LAKE+DECKER+LAKE",1991,2026
"BUI","08-04",2001-08-04,82.1941176470588,57.2831505613587,252.9,NA,257.5,2010-08-06,NA,8,"1091174","BURNS+LAKE+DECKER+LAKE",1991,2026
"BUI","08-05",2001-08-05,83.5588235294118,57.1714423775491,255.3,NA,257.5,2010-08-06,NA,8,"1091174","BURNS+LAKE+DECKER+LAKE",1991,2026
"BUI","08-06",2001-08-06,85.1588235294118,58.6946341118966,257.5,NA,257.5,2010-08-06,NA,8,"1091174","BURNS+LAKE+DECKER+LAKE",1991,2026
"BUI","08-07",2001-08-07,80.8058823529412,43.4657691549948,162.4,NA,257.5,2010-08-06,NA,8,"1091174","BURNS+LAKE+DECKER+LAKE",1991,2026
"BUI","08-08",2001-08-08,80.9588235294118,43.3076935835818,166.1,NA,257.5,2010-08-06,NA,8,"1091174","BURNS+LAKE+DECKER+LAKE",1991,2026
"BUI","08-09",2001-08-09,81.8588235294118,45.6599394823231,169.7,NA,257.5,2010-08-06,NA,8,"1091174","BURNS+LAKE+DECKER+LAKE",1991,2026
"BUI","08-10",2001-08-10,83.6705882352941,46.5969388037707,174.4,NA,257.5,2010-08-06,NA,8,"1091174","BURNS+LAKE+DECKER+LAKE",1991,2026
"BUI","08-11",2001-08-11,84.9529411764706,48.5000659490152,179.2,NA,257.5,2010-08-06,NA,8,"1091174","BURNS+LAKE+DECKER+LAKE",1991,2026
"BUI","08-12",2001-08-12,88.6941176470588,48.9856671714829,182.3,NA,257.5,2010-08-06,NA,8,"1091174","BURNS+LAKE+DECKER+LAKE",1991,2026
"BUI","08-13",2001-08-13,89.6823529411765,47.8195074641892,176.9,NA,257.5,2010-08-06,NA,8,"1091174","BURNS+LAKE+DECKER+LAKE",1991,2026
"BUI","08-14",2001-08-14,89.3352941176471,50.3994040289227,182.8,NA,257.5,2010-08-06,NA,8,"1091174","BURNS+LAKE+DECKER+LAKE",1991,2026
"BUI","08-15",2001-08-15,90.4882352941177,52.6551502983438,188.9,NA,257.5,2010-08-06,NA,8,"1091174","BURNS+LAKE+DECKER+LAKE",1991,2026
"BUI","08-16",2001-08-16,93.3235294117647,53.583504101213,194.5,NA,257.5,2010-08-06,NA,8,"1091174","BURNS+LAKE+DECKER+LAKE",1991,2026
"BUI","08-17",2001-08-17,96.2058823529412,54.4661072432691,199.9,NA,257.5,2010-08-06,NA,8,"1091174","BURNS+LAKE+DECKER+LAKE",1991,2026
"BUI","08-18",2001-08-18,93.9823529411765,53.1269262626556,204.4,NA,257.5,2010-08-06,NA,8,"1091174","BURNS+LAKE+DECKER+LAKE",1991,2026
"BUI","08-19",2001-08-19,94.9941176470588,53.9201895233622,207.1,NA,257.5,2010-08-06,NA,8,"1091174","BURNS+LAKE+DECKER+LAKE",1991,2026
"BUI","08-20",2001-08-20,97.2411764705882,54.9639547660957,209.6,NA,257.5,2010-08-06,NA,8,"1091174","BURNS+LAKE+DECKER+LAKE",1991,2026
"BUI","08-21",2001-08-21,89.7882352941177,56.4559992643933,212,NA,257.5,2010-08-06,NA,8,"1091174","BURNS+LAKE+DECKER+LAKE",1991,2026
"BUI","08-22",2001-08-22,90.5529411764706,57.2814227918513,214.1,NA,257.5,2010-08-06,NA,8,"1091174","BURNS+LAKE+DECKER+LAKE",1991,2026
"BUI","08-23",2001-08-23,88.6705882352941,54.8728503531788,214.9,NA,257.5,2010-08-06,NA,8,"1091174","BURNS+LAKE+DECKER+LAKE",1991,2026
"BUI","08-24",2001-08-24,81.3176470588235,46.1994755827125,158.3,NA,257.5,2010-08-06,NA,8,"1091174","BURNS+LAKE+DECKER+LAKE",1991,2026
"BUI","08-25",2001-08-25,79.1176470588235,47.3873563740123,160.7,NA,257.5,2010-08-06,NA,8,"1091174","BURNS+LAKE+DECKER+LAKE",1991,2026
"BUI","08-26",2001-08-26,75.4941176470588,46.4669569504535,163.3,NA,257.5,2010-08-06,NA,8,"1091174","BURNS+LAKE+DECKER+LAKE",1991,2026
"BUI","08-27",2001-08-27,74.1058823529412,45.8745091334533,166.1,NA,257.5,2010-08-06,NA,8,"1091174","BURNS+LAKE+DECKER+LAKE",1991,2026
"BUI","08-28",2001-08-28,75.7764705882353,46.0004963208519,168.7,NA,257.5,2010-08-06,NA,8,"1091174","BURNS+LAKE+DECKER+LAKE",1991,2026
"BUI","08-29",2001-08-29,72.8470588235294,42.5740695383801,170.8,NA,257.5,2010-08-06,NA,8,"1091174","BURNS+LAKE+DECKER+LAKE",1991,2026
"BUI","08-30",2001-08-30,63.3117647058824,41.3258073477237,173.2,NA,257.5,2010-08-06,NA,8,"1091174","BURNS+LAKE+DECKER+LAKE",1991,2026
"BUI","08-31",2001-08-31,64.1470588235294,42.2447499348596,175.3,NA,257.5,2010-08-06,NA,8,"1091174","BURNS+LAKE+DECKER+LAKE",1991,2026
"BUI","09-01",2001-09-01,63.4470588235294,41.9650914101092,177.4,NA,257.5,2010-08-06,NA,9,"1091174","BURNS+LAKE+DECKER+LAKE",1991,2026
"BUI","09-02",2001-09-02,61.9529411764706,39.3181592531851,179.7,NA,257.5,2010-08-06,NA,9,"1091174","BURNS+LAKE+DECKER+LAKE",1991,2026
"BUI","09-03",2001-09-03,62.9941176470588,40.2119769252308,181.6,NA,257.5,2010-08-06,NA,9,"1091174","BURNS+LAKE+DECKER+LAKE",1991,2026
"BUI","09-04",2001-09-04,64.2235294117647,41.0283823927377,183.6,NA,257.5,2010-08-06,NA,9,"1091174","BURNS+LAKE+DECKER+LAKE",1991,2026
"BUI","09-05",2001-09-05,64.7823529411765,42.6513662632001,185.6,NA,257.5,2010-08-06,NA,9,"1091174","BURNS+LAKE+DECKER+LAKE",1991,2026
"BUI","09-06",2001-09-06,64.4588235294118,44.7418715917139,187.4,NA,257.5,2010-08-06,NA,9,"1091174","BURNS+LAKE+DECKER+LAKE",1991,2026
"BUI","09-07",2001-09-07,63.0705882352941,38.775842426469,145.6,NA,257.5,2010-08-06,NA,9,"1091174","BURNS+LAKE+DECKER+LAKE",1991,2026
"BUI","09-08",2001-09-08,55.4176470588235,33.9919702888439,114.3,NA,257.5,2010-08-06,NA,9,"1091174","BURNS+LAKE+DECKER+LAKE",1991,2026
"BUI","09-09",2001-09-09,53.7058823529412,34.0418028053053,114.4,NA,257.5,2010-08-06,NA,9,"1091174","BURNS+LAKE+DECKER+LAKE",1991,2026
"BUI","09-10",2001-09-10,52.8823529411765,33.1593357007894,116.3,NA,257.5,2010-08-06,NA,9,"1091174","BURNS+LAKE+DECKER+LAKE",1991,2026
"BUI","09-11",2001-09-11,52.4647058823529,31.2737697834877,117.8,NA,257.5,2010-08-06,NA,9,"1091174","BURNS+LAKE+DECKER+LAKE",1991,2026
"BUI","09-12",2001-09-12,51.0941176470588,31.7242704917748,119.5,NA,257.5,2010-08-06,NA,9,"1091174","BURNS+LAKE+DECKER+LAKE",1991,2026
"BUI","09-13",2001-09-13,53.0058823529412,32.7416873150315,123.3,NA,257.5,2010-08-06,NA,9,"1091174","BURNS+LAKE+DECKER+LAKE",1991,2026
"BUI","09-14",2001-09-14,54.4235294117647,33.4345541583061,126,NA,257.5,2010-08-06,NA,9,"1091174","BURNS+LAKE+DECKER+LAKE",1991,2026
"BUI","09-15",2001-09-15,55.1764705882353,34.9494550996823,128.4,NA,257.5,2010-08-06,NA,9,"1091174","BURNS+LAKE+DECKER+LAKE",1991,2026
"BUI","09-16",2001-09-16,56.65625,35.6163439776366,130.7,NA,257.5,2010-08-06,NA,9,"1091174","BURNS+LAKE+DECKER+LAKE",1991,2026
"BUI","09-17",2001-09-17,56.4352941176471,36.1233639971499,134,NA,257.5,2010-08-06,NA,9,"1091174","BURNS+LAKE+DECKER+LAKE",1991,2026
"BUI","09-18",2001-09-18,55.2294117647059,35.8059311550803,136.7,NA,257.5,2010-08-06,NA,9,"1091174","BURNS+LAKE+DECKER+LAKE",1991,2026
"BUI","09-19",2001-09-19,57.1411764705882,36.0372040193105,139.4,NA,257.5,2010-08-06,NA,9,"1091174","BURNS+LAKE+DECKER+LAKE",1991,2026
"BUI","09-20",2001-09-20,58.6882352941176,36.4852518552521,142.7,NA,257.5,2010-08-06,NA,9,"1091174","BURNS+LAKE+DECKER+LAKE",1991,2026
"BUI","09-21",2001-09-21,59.6058823529412,35.9649563913999,145.6,NA,257.5,2010-08-06,NA,9,"1091174","BURNS+LAKE+DECKER+LAKE",1991,2026
"BUI","09-22",2001-09-22,60.7176470588235,35.9591823338302,148.6,NA,257.5,2010-08-06,NA,9,"1091174","BURNS+LAKE+DECKER+LAKE",1991,2026
"BUI","09-23",2001-09-23,58.6235294117647,33.2641234931075,150,NA,257.5,2010-08-06,NA,9,"1091174","BURNS+LAKE+DECKER+LAKE",1991,2026
"BUI","09-24",2001-09-24,56.2941176470588,30.6147119574118,137.8,NA,257.5,2010-08-06,NA,9,"1091174","BURNS+LAKE+DECKER+LAKE",1991,2026
"BUI","09-25",2001-09-25,53.8352941176471,32.9679757715057,138.9,NA,257.5,2010-08-06,NA,9,"1091174","BURNS+LAKE+DECKER+LAKE",1991,2026
"BUI","09-26",2001-09-26,49.2,30.635049371594,140.9,NA,257.5,2010-08-06,NA,9,"1091174","BURNS+LAKE+DECKER+LAKE",1991,2026
"BUI","09-27",2001-09-27,49.5588235294118,31.122983043555,142.9,NA,257.5,2010-08-06,NA,9,"1091174","BURNS+LAKE+DECKER+LAKE",1991,2026
"BUI","09-28",2001-09-28,47.9588235294118,29.287711988638,127.3,NA,257.5,2010-08-06,NA,9,"1091174","BURNS+LAKE+DECKER+LAKE",1991,2026
"BUI","09-29",2001-09-29,45.5294117647059,28.3323305762578,128.8,NA,257.5,2010-08-06,NA,9,"1091174","BURNS+LAKE+DECKER+LAKE",1991,2026
"BUI","09-30",2001-09-30,43.8411764705882,29.1676845760751,129.5,NA,257.5,2010-08-06,NA,9,"1091174","BURNS+LAKE+DECKER+LAKE",1991,2026
"BUI","10-01",2001-10-01,43.1875,27.0146102445818,111.6,NA,257.5,2010-08-06,NA,10,"1091174","BURNS+LAKE+DECKER+LAKE",1991,2026
"BUI","10-02",2001-10-02,40.5933333333333,28.5852975862634,112.7,NA,257.5,2010-08-06,NA,10,"1091174","BURNS+LAKE+DECKER+LAKE",1991,2026
"BUI","10-03",2001-10-03,40.51875,27.9944094121189,113.6,NA,257.5,2010-08-06,NA,10,"1091174","BURNS+LAKE+DECKER+LAKE",1991,2026
"BUI","10-04",2001-10-04,39.6294117647059,26.8693078787369,114.8,NA,257.5,2010-08-06,NA,10,"1091174","BURNS+LAKE+DECKER+LAKE",1991,2026
"BUI","10-05",2001-10-05,38.0882352941176,27.1252622649289,116.3,NA,257.5,2010-08-06,NA,10,"1091174","BURNS+LAKE+DECKER+LAKE",1991,2026
"BUI","10-06",2001-10-06,36.4764705882353,27.943503927831,117.8,NA,257.5,2010-08-06,NA,10,"1091174","BURNS+LAKE+DECKER+LAKE",1991,2026
"BUI","10-07",2001-10-07,36.0823529411765,28.9455790081602,119.6,NA,257.5,2010-08-06,NA,10,"1091174","BURNS+LAKE+DECKER+LAKE",1991,2026
"BUI","10-08",2001-10-08,30.45625,28.3052873447112,121.4,NA,257.5,2010-08-06,NA,10,"1091174","BURNS+LAKE+DECKER+LAKE",1991,2026
"BUI","10-09",2001-10-09,27.8285714285714,29.8228211163977,123.2,NA,257.5,2010-08-06,NA,10,"1091174","BURNS+LAKE+DECKER+LAKE",1991,2026
"BUI","10-10",2001-10-10,29.5615384615385,31.5302642567829,123.6,NA,257.5,2010-08-06,NA,10,"1091174","BURNS+LAKE+DECKER+LAKE",1991,2026
"BUI","10-11",2001-10-11,30.8846153846154,30.6351335929258,124.1,NA,257.5,2010-08-06,NA,10,"1091174","BURNS+LAKE+DECKER+LAKE",1991,2026
"BUI","10-12",2001-10-12,24.4933333333333,17.3749189789135,118.9,NA,257.5,2010-08-06,NA,10,"1091174","BURNS+LAKE+DECKER+LAKE",1991,2026
"BUI","10-13",2001-10-13,21.7066666666667,19.0456769247987,120.5,NA,257.5,2010-08-06,NA,10,"1091174","BURNS+LAKE+DECKER+LAKE",1991,2026
"BUI","10-14",2001-10-14,20.84375,16.6530064853167,121.4,NA,257.5,2010-08-06,NA,10,"1091174","BURNS+LAKE+DECKER+LAKE",1991,2026
"BUI","10-15",2001-10-15,20.46,17.1148139675212,122.8,NA,257.5,2010-08-06,NA,10,"1091174","BURNS+LAKE+DECKER+LAKE",1991,2026
"BUI","10-16",2001-10-16,21.5285714285714,16.857795666257,124.2,NA,257.5,2010-08-06,NA,10,"1091174","BURNS+LAKE+DECKER+LAKE",1991,2026
"BUI","10-17",2001-10-17,22.3833333333333,18.7264437886561,125,NA,257.5,2010-08-06,NA,10,"1091174","BURNS+LAKE+DECKER+LAKE",1991,2026
"BUI","10-18",2001-10-18,21.7181818181818,17.6346714277198,126.2,NA,257.5,2010-08-06,NA,10,"1091174","BURNS+LAKE+DECKER+LAKE",1991,2026
"BUI","10-19",2001-10-19,18.8833333333333,17.2543977705466,54.5,NA,257.5,2010-08-06,NA,10,"1091174","BURNS+LAKE+DECKER+LAKE",1991,2026
"BUI","10-20",2001-10-20,16.8083333333333,15.4372311656141,128.2,NA,257.5,2010-08-06,NA,10,"1091174","BURNS+LAKE+DECKER+LAKE",1991,2026
"BUI","10-21",2001-10-21,15.3916666666667,13.2223267333108,128.7,NA,257.5,2010-08-06,NA,10,"1091174","BURNS+LAKE+DECKER+LAKE",1991,2026
"BUI","10-22",2001-10-22,14.6846153846154,12.3024283614961,40,NA,257.5,2010-08-06,NA,10,"1091174","BURNS+LAKE+DECKER+LAKE",1991,2026
"BUI","10-23",2001-10-23,13.6,10.5289125744305,29.9,NA,257.5,2010-08-06,NA,10,"1091174","BURNS+LAKE+DECKER+LAKE",1991,2026
"BUI","10-24",2001-10-24,16.0583333333333,13.0103076850859,41,NA,257.5,2010-08-06,NA,10,"1091174","BURNS+LAKE+DECKER+LAKE",1991,2026
"BUI","10-25",2001-10-25,14.8,13.9059699410002,41.1,NA,257.5,2010-08-06,NA,10,"1091174","BURNS+LAKE+DECKER+LAKE",1991,2026
"BUI","10-26",2001-10-26,13.8454545454545,13.5964233264755,42.1,NA,257.5,2010-08-06,NA,10,"1091174","BURNS+LAKE+DECKER+LAKE",1991,2026
"BUI","10-27",2001-10-27,14.7777777777778,14.2772351820808,88.5,NA,257.5,2010-08-06,NA,10,"1091174","BURNS+LAKE+DECKER+LAKE",1991,2026
"BUI","10-28",2001-10-28,14.85,14.2558258767625,43.5,NA,257.5,2010-08-06,NA,10,"1091174","BURNS+LAKE+DECKER+LAKE",1991,2026
"BUI","10-29",2001-10-29,13.9,14.8006756602528,44,NA,257.5,2010-08-06,NA,10,"1091174","BURNS+LAKE+DECKER+LAKE",1991,2026
"BUI","10-30",2001-10-30,13.9875,15.4151537224159,45,NA,257.5,2010-08-06,NA,10,"1091174","BURNS+LAKE+DECKER+LAKE",1991,2026
"BUI","10-31",2001-10-31,15.24,18.8404617777803,45.7,NA,257.5,2010-08-06,NA,10,"1091174","BURNS+LAKE+DECKER+LAKE",1991,2026
"DC","04-01",2001-04-01,161.9,NA,161.9,NA,872.6,2010-08-23,NA,4,"1091174","BURNS+LAKE+DECKER+LAKE",1991,2026
"DC","04-02",2001-04-02,164.7,NA,164.7,NA,872.6,2010-08-23,NA,4,"1091174","BURNS+LAKE+DECKER+LAKE",1991,2026
"DC","04-03",2001-04-03,167.5,NA,167.5,NA,872.6,2010-08-23,NA,4,"1091174","BURNS+LAKE+DECKER+LAKE",1991,2026
"DC","04-04",2001-04-04,159.3,NA,159.3,NA,872.6,2010-08-23,NA,4,"1091174","BURNS+LAKE+DECKER+LAKE",1991,2026
"DC","04-05",2001-04-05,128.85,46.3154941677189,161.6,NA,872.6,2010-08-23,NA,4,"1091174","BURNS+LAKE+DECKER+LAKE",1991,2026
"DC","04-06",2001-04-06,130.2,48.2246824769226,164.3,NA,872.6,2010-08-23,NA,4,"1091174","BURNS+LAKE+DECKER+LAKE",1991,2026
"DC","04-07",2001-04-07,133.15,49.0024999362277,167.8,NA,872.6,2010-08-23,NA,4,"1091174","BURNS+LAKE+DECKER+LAKE",1991,2026
"DC","04-08",2001-04-08,95.7333333333333,78.2779875401338,171.3,NA,872.6,2010-08-23,NA,4,"1091174","BURNS+LAKE+DECKER+LAKE",1991,2026
"DC","04-09",2001-04-09,115.325,74.2100341373501,174.1,NA,872.6,2010-08-23,NA,4,"1091174","BURNS+LAKE+DECKER+LAKE",1991,2026
"DC","04-10",2001-04-10,117.2,73.9951349752131,177.4,24.5,872.6,2010-08-23,NA,4,"1091174","BURNS+LAKE+DECKER+LAKE",1991,2026
"DC","04-11",2001-04-11,119.85,74.837535145585,180.7,27.3,872.6,2010-08-23,NA,4,"1091174","BURNS+LAKE+DECKER+LAKE",1991,2026
"DC","04-12",2001-04-12,97.14,76.4790363433013,176.2,29.7,872.6,2010-08-23,NA,4,"1091174","BURNS+LAKE+DECKER+LAKE",1991,2026
"DC","04-13",2001-04-13,98.64,77.005019316925,178.5,32,872.6,2010-08-23,NA,4,"1091174","BURNS+LAKE+DECKER+LAKE",1991,2026
"DC","04-14",2001-04-14,118.183333333333,81.9735424796725,216.6,32.9,872.6,2010-08-23,NA,4,"1091174","BURNS+LAKE+DECKER+LAKE",1991,2026
"DC","04-15",2001-04-15,120.333333333333,81.1618301091509,216.6,32.1,872.6,2010-08-23,NA,4,"1091174","BURNS+LAKE+DECKER+LAKE",1991,2026
"DC","04-16",2001-04-16,123.1,81.3892621910286,220.3,33.1,872.6,2010-08-23,NA,4,"1091174","BURNS+LAKE+DECKER+LAKE",1991,2026
"DC","04-17",2001-04-17,125.242857142857,74.7026072089156,224.1,35.7,872.6,2010-08-23,NA,4,"1091174","BURNS+LAKE+DECKER+LAKE",1991,2026
"DC","04-18",2001-04-18,127.885714285714,75.2384083778897,227.6,38.9,872.6,2010-08-23,NA,4,"1091174","BURNS+LAKE+DECKER+LAKE",1991,2026
"DC","04-19",2001-04-19,119.7875,76.574005986739,231.5,42.4,872.6,2010-08-23,NA,4,"1091174","BURNS+LAKE+DECKER+LAKE",1991,2026
"DC","04-20",2001-04-20,122.45,77.2336159231939,235.3,45.9,872.6,2010-08-23,NA,4,"1091174","BURNS+LAKE+DECKER+LAKE",1991,2026
"DC","04-21",2001-04-21,124.725,77.8488232776468,237.9,49.2,872.6,2010-08-23,NA,4,"1091174","BURNS+LAKE+DECKER+LAKE",1991,2026
"DC","04-22",2001-04-22,119.455555555556,75.7606776486178,239.8,51.8,872.6,2010-08-23,NA,4,"1091174","BURNS+LAKE+DECKER+LAKE",1991,2026
"DC","04-23",2001-04-23,109.483333333333,72.3383820329949,242.1,54.9,872.6,2010-08-23,NA,4,"1091174","BURNS+LAKE+DECKER+LAKE",1991,2026
"DC","04-24",2001-04-24,107.05,71.2465948149613,244.6,58.1,872.6,2010-08-23,NA,4,"1091174","BURNS+LAKE+DECKER+LAKE",1991,2026
"DC","04-25",2001-04-25,108.191666666667,71.5293005231656,247.6,61.5,872.6,2010-08-23,NA,4,"1091174","BURNS+LAKE+DECKER+LAKE",1991,2026
"DC","04-26",2001-04-26,102.053846153846,73.3954655205235,249.7,64.5,872.6,2010-08-23,NA,4,"1091174","BURNS+LAKE+DECKER+LAKE",1991,2026
"DC","04-27",2001-04-27,102.984615384615,72.8745251117042,251.7,68.3,872.6,2010-08-23,NA,4,"1091174","BURNS+LAKE+DECKER+LAKE",1991,2026
"DC","04-28",2001-04-28,105.1,71.4733983148043,246.6,71.8,872.6,2010-08-23,NA,4,"1091174","BURNS+LAKE+DECKER+LAKE",1991,2026
"DC","04-29",2001-04-29,107.515384615385,71.6369765571971,249.3,75.6,872.6,2010-08-23,NA,4,"1091174","BURNS+LAKE+DECKER+LAKE",1991,2026
"DC","04-30",2001-04-30,111.306666666667,66.8281534627293,252.3,78.9,872.6,2010-08-23,NA,4,"1091174","BURNS+LAKE+DECKER+LAKE",1991,2026
"DC","05-01",2001-05-01,114.56,66.2482323214309,256.1,83.7,872.6,2010-08-23,NA,5,"1091174","BURNS+LAKE+DECKER+LAKE",1991,2026
"DC","05-02",2001-05-02,119.086666666667,66.1701148195928,259.7,89.3,872.6,2010-08-23,NA,5,"1091174","BURNS+LAKE+DECKER+LAKE",1991,2026
"DC","05-03",2001-05-03,122.906666666667,65.9922665021837,263.2,94.9,872.6,2010-08-23,NA,5,"1091174","BURNS+LAKE+DECKER+LAKE",1991,2026
"DC","05-04",2001-05-04,127.2,65.8294441286398,266.3,100.7,872.6,2010-08-23,NA,5,"1091174","BURNS+LAKE+DECKER+LAKE",1991,2026
"DC","05-05",2001-05-05,124.26875,69.0518232320238,269.8,107.1,872.6,2010-08-23,NA,5,"1091174","BURNS+LAKE+DECKER+LAKE",1991,2026
"DC","05-06",2001-05-06,127.60625,70.6564879658384,272.9,112.5,872.6,2010-08-23,NA,5,"1091174","BURNS+LAKE+DECKER+LAKE",1991,2026
"DC","05-07",2001-05-07,132.35625,70.699598949829,277,118,872.6,2010-08-23,NA,5,"1091174","BURNS+LAKE+DECKER+LAKE",1991,2026
"DC","05-08",2001-05-08,137.2625,70.6969483075472,281.4,123.3,872.6,2010-08-23,NA,5,"1091174","BURNS+LAKE+DECKER+LAKE",1991,2026
"DC","05-09",2001-05-09,140.4875,72.6796888178992,286.1,128.3,872.6,2010-08-23,NA,5,"1091174","BURNS+LAKE+DECKER+LAKE",1991,2026
"DC","05-10",2001-05-10,145.4625,72.946042844466,291.2,133,872.6,2010-08-23,NA,5,"1091174","BURNS+LAKE+DECKER+LAKE",1991,2026
"DC","05-11",2001-05-11,149.60625,72.7513708347364,296.4,137.9,872.6,2010-08-23,NA,5,"1091174","BURNS+LAKE+DECKER+LAKE",1991,2026
"DC","05-12",2001-05-12,152.73125,74.188208575667,301.2,143.6,872.6,2010-08-23,NA,5,"1091174","BURNS+LAKE+DECKER+LAKE",1991,2026
"DC","05-13",2001-05-13,154.2125,79.22620673321,305.9,148.5,872.6,2010-08-23,NA,5,"1091174","BURNS+LAKE+DECKER+LAKE",1991,2026
"DC","05-14",2001-05-14,159.025,79.051413649599,311.2,152.9,872.6,2010-08-23,NA,5,"1091174","BURNS+LAKE+DECKER+LAKE",1991,2026
"DC","05-15",2001-05-15,162.9,79.7763289871542,316.8,157.4,872.6,2010-08-23,NA,5,"1091174","BURNS+LAKE+DECKER+LAKE",1991,2026
"DC","05-16",2001-05-16,167.23125,80.6390039517685,321.6,NA,872.6,2010-08-23,NA,5,"1091174","BURNS+LAKE+DECKER+LAKE",1991,2026
"DC","05-17",2001-05-17,167.2125,80.974044195244,327.3,NA,872.6,2010-08-23,NA,5,"1091174","BURNS+LAKE+DECKER+LAKE",1991,2026
"DC","05-18",2001-05-18,169.28125,81.4594804693311,332.5,NA,872.6,2010-08-23,NA,5,"1091174","BURNS+LAKE+DECKER+LAKE",1991,2026
"DC","05-19",2001-05-19,173.20625,79.1113010785016,319.8,NA,872.6,2010-08-23,NA,5,"1091174","BURNS+LAKE+DECKER+LAKE",1991,2026
"DC","05-20",2001-05-20,177.36875,77.9245594041656,314.2,NA,872.6,2010-08-23,NA,5,"1091174","BURNS+LAKE+DECKER+LAKE",1991,2026
"DC","05-21",2001-05-21,181.70625,77.5009631660579,317.3,NA,872.6,2010-08-23,NA,5,"1091174","BURNS+LAKE+DECKER+LAKE",1991,2026
"DC","05-22",2001-05-22,182.775,75.2102253686292,311.6,NA,872.6,2010-08-23,NA,5,"1091174","BURNS+LAKE+DECKER+LAKE",1991,2026
"DC","05-23",2001-05-23,180.9,78.0661738527001,317.4,NA,872.6,2010-08-23,NA,5,"1091174","BURNS+LAKE+DECKER+LAKE",1991,2026
"DC","05-24",2001-05-24,183.335294117647,80.2310253360294,322.8,NA,872.6,2010-08-23,NA,5,"1091174","BURNS+LAKE+DECKER+LAKE",1991,2026
"DC","05-25",2001-05-25,186.723529411765,79.6802087206397,328,NA,872.6,2010-08-23,NA,5,"1091174","BURNS+LAKE+DECKER+LAKE",1991,2026
"DC","05-26",2001-05-26,191.688235294118,80.0093500969804,332.3,NA,872.6,2010-08-23,NA,5,"1091174","BURNS+LAKE+DECKER+LAKE",1991,2026
"DC","05-27",2001-05-27,195.435294117647,80.0920949686708,336.7,NA,872.6,2010-08-23,NA,5,"1091174","BURNS+LAKE+DECKER+LAKE",1991,2026
"DC","05-28",2001-05-28,198.123529411765,78.7563690234936,341,NA,872.6,2010-08-23,NA,5,"1091174","BURNS+LAKE+DECKER+LAKE",1991,2026
"DC","05-29",2001-05-29,201.435294117647,77.9865047714705,345.6,NA,872.6,2010-08-23,NA,5,"1091174","BURNS+LAKE+DECKER+LAKE",1991,2026
"DC","05-30",2001-05-30,202.382352941176,82.0083778898086,350.5,NA,872.6,2010-08-23,NA,5,"1091174","BURNS+LAKE+DECKER+LAKE",1991,2026
"DC","05-31",2001-05-31,204.652941176471,84.2195280030637,355.7,NA,872.6,2010-08-23,NA,5,"1091174","BURNS+LAKE+DECKER+LAKE",1991,2026
"DC","06-01",2001-06-01,209.170588235294,86.3339646713989,362.4,NA,872.6,2010-08-23,NA,6,"1091174","BURNS+LAKE+DECKER+LAKE",1991,2026
"DC","06-02",2001-06-02,215.423529411765,86.0837131039589,368.3,NA,872.6,2010-08-23,NA,6,"1091174","BURNS+LAKE+DECKER+LAKE",1991,2026
"DC","06-03",2001-06-03,219.582352941176,87.5512438182214,374.4,NA,872.6,2010-08-23,NA,6,"1091174","BURNS+LAKE+DECKER+LAKE",1991,2026
"DC","06-04",2001-06-04,224.141176470588,87.4263837381452,381.3,NA,872.6,2010-08-23,NA,6,"1091174","BURNS+LAKE+DECKER+LAKE",1991,2026
"DC","06-05",2001-06-05,227.529411764706,85.6038314322575,389.1,NA,872.6,2010-08-23,NA,6,"1091174","BURNS+LAKE+DECKER+LAKE",1991,2026
"DC","06-06",2001-06-06,228.247058823529,85.1564524687285,396.4,NA,872.6,2010-08-23,NA,6,"1091174","BURNS+LAKE+DECKER+LAKE",1991,2026
"DC","06-07",2001-06-07,231.588235294118,85.6890664142233,403,NA,872.6,2010-08-23,NA,6,"1091174","BURNS+LAKE+DECKER+LAKE",1991,2026
"DC","06-08",2001-06-08,237.141176470588,85.7456271394023,408.8,NA,872.6,2010-08-23,NA,6,"1091174","BURNS+LAKE+DECKER+LAKE",1991,2026
"DC","06-09",2001-06-09,240.023529411765,88.2891735252104,402,NA,872.6,2010-08-23,NA,6,"1091174","BURNS+LAKE+DECKER+LAKE",1991,2026
"DC","06-10",2001-06-10,245.088235294118,89.1387393501904,408.2,NA,872.6,2010-08-23,NA,6,"1091174","BURNS+LAKE+DECKER+LAKE",1991,2026
"DC","06-11",2001-06-11,246.764705882353,85.60824975708,391.7,NA,872.6,2010-08-23,NA,6,"1091174","BURNS+LAKE+DECKER+LAKE",1991,2026
"DC","06-12",2001-06-12,252.205882352941,85.8779618891558,397.6,NA,872.6,2010-08-23,NA,6,"1091174","BURNS+LAKE+DECKER+LAKE",1991,2026
"DC","06-13",2001-06-13,256.376470588235,87.0741460581998,403.2,NA,872.6,2010-08-23,NA,6,"1091174","BURNS+LAKE+DECKER+LAKE",1991,2026
"DC","06-14",2001-06-14,261.676470588235,86.4717983608801,408.4,NA,872.6,2010-08-23,NA,6,"1091174","BURNS+LAKE+DECKER+LAKE",1991,2026
"DC","06-15",2001-06-15,260.072222222222,79.0151348536957,414,NA,872.6,2010-08-23,NA,6,"1091174","BURNS+LAKE+DECKER+LAKE",1991,2026
"DC","06-16",2001-06-16,259.227777777778,77.3665971817109,420.4,NA,872.6,2010-08-23,NA,6,"1091174","BURNS+LAKE+DECKER+LAKE",1991,2026
"DC","06-17",2001-06-17,264.544444444444,77.4351054467904,427.5,NA,872.6,2010-08-23,NA,6,"1091174","BURNS+LAKE+DECKER+LAKE",1991,2026
"DC","06-18",2001-06-18,267.316666666667,78.4399376818302,434.5,NA,872.6,2010-08-23,NA,6,"1091174","BURNS+LAKE+DECKER+LAKE",1991,2026
"DC","06-19",2001-06-19,268.761111111111,75.6165181058842,441.8,NA,872.6,2010-08-23,NA,6,"1091174","BURNS+LAKE+DECKER+LAKE",1991,2026
"DC","06-20",2001-06-20,272.227777777778,78.1988401114188,449.1,NA,872.6,2010-08-23,NA,6,"1091174","BURNS+LAKE+DECKER+LAKE",1991,2026
"DC","06-21",2001-06-21,277.883333333333,78.7159020484052,456.1,NA,872.6,2010-08-23,NA,6,"1091174","BURNS+LAKE+DECKER+LAKE",1991,2026
"DC","06-22",2001-06-22,284.577777777778,78.9090135428181,462.7,NA,872.6,2010-08-23,NA,6,"1091174","BURNS+LAKE+DECKER+LAKE",1991,2026
"DC","06-23",2001-06-23,289.038888888889,80.2537603215677,469.7,NA,872.6,2010-08-23,NA,6,"1091174","BURNS+LAKE+DECKER+LAKE",1991,2026
"DC","06-24",2001-06-24,291.472222222222,79.4738270313349,476.4,NA,872.6,2010-08-23,NA,6,"1091174","BURNS+LAKE+DECKER+LAKE",1991,2026
"DC","06-25",2001-06-25,288.127777777778,81.6407107612052,482.6,NA,872.6,2010-08-23,NA,6,"1091174","BURNS+LAKE+DECKER+LAKE",1991,2026
"DC","06-26",2001-06-26,290.405555555556,83.8510547285183,489.3,NA,872.6,2010-08-23,NA,6,"1091174","BURNS+LAKE+DECKER+LAKE",1991,2026
"DC","06-27",2001-06-27,296.505555555556,84.3116311299387,495.5,NA,872.6,2010-08-23,NA,6,"1091174","BURNS+LAKE+DECKER+LAKE",1991,2026
"DC","06-28",2001-06-28,300.733333333333,86.2398570336041,501.4,NA,872.6,2010-08-23,NA,6,"1091174","BURNS+LAKE+DECKER+LAKE",1991,2026
"DC","06-29",2001-06-29,304.55,86.9525242335623,507,NA,872.6,2010-08-23,NA,6,"1091174","BURNS+LAKE+DECKER+LAKE",1991,2026
"DC","06-30",2001-06-30,308.244444444444,88.8005910302418,512.4,NA,872.6,2010-08-23,NA,6,"1091174","BURNS+LAKE+DECKER+LAKE",1991,2026
"DC","07-01",2001-07-01,311.211764705882,95.4800298645805,518.6,NA,872.6,2010-08-23,NA,7,"1091174","BURNS+LAKE+DECKER+LAKE",1991,2026
"DC","07-02",2001-07-02,312.688235294118,98.8612846514811,524.8,NA,872.6,2010-08-23,NA,7,"1091174","BURNS+LAKE+DECKER+LAKE",1991,2026
"DC","07-03",2001-07-03,312.564705882353,100.440778205222,531.3,NA,872.6,2010-08-23,NA,7,"1091174","BURNS+LAKE+DECKER+LAKE",1991,2026
"DC","07-04",2001-07-04,310.888235294118,100.34116728911,537.5,NA,872.6,2010-08-23,NA,7,"1091174","BURNS+LAKE+DECKER+LAKE",1991,2026
"DC","07-05",2001-07-05,315.582352941176,102.064631700299,544.3,NA,872.6,2010-08-23,NA,7,"1091174","BURNS+LAKE+DECKER+LAKE",1991,2026
"DC","07-06",2001-07-06,320.923529411765,103.341082884614,552,NA,872.6,2010-08-23,NA,7,"1091174","BURNS+LAKE+DECKER+LAKE",1991,2026
"DC","07-07",2001-07-07,326.594117647059,105.841629750469,560.4,NA,872.6,2010-08-23,NA,7,"1091174","BURNS+LAKE+DECKER+LAKE",1991,2026
"DC","07-08",2001-07-08,333.358823529412,106.849427109037,569.5,NA,872.6,2010-08-23,NA,7,"1091174","BURNS+LAKE+DECKER+LAKE",1991,2026
"DC","07-09",2001-07-09,339.6,107.034900850143,577.5,NA,872.6,2010-08-23,NA,7,"1091174","BURNS+LAKE+DECKER+LAKE",1991,2026
"DC","07-10",2001-07-10,342.252941176471,105.071202748702,585,NA,872.6,2010-08-23,NA,7,"1091174","BURNS+LAKE+DECKER+LAKE",1991,2026
"DC","07-11",2001-07-11,345.135294117647,106.340020342628,592.5,NA,872.6,2010-08-23,NA,7,"1091174","BURNS+LAKE+DECKER+LAKE",1991,2026
"DC","07-12",2001-07-12,351.788235294118,106.204730840679,598.4,NA,872.6,2010-08-23,NA,7,"1091174","BURNS+LAKE+DECKER+LAKE",1991,2026
"DC","07-13",2001-07-13,354.029411764706,109.059105332303,605.5,NA,872.6,2010-08-23,NA,7,"1091174","BURNS+LAKE+DECKER+LAKE",1991,2026
"DC","07-14",2001-07-14,356.905882352941,113.955706694467,612.8,NA,872.6,2010-08-23,NA,7,"1091174","BURNS+LAKE+DECKER+LAKE",1991,2026
"DC","07-15",2001-07-15,361.1,117.507664643631,618.8,NA,872.6,2010-08-23,NA,7,"1091174","BURNS+LAKE+DECKER+LAKE",1991,2026
"DC","07-16",2001-07-16,366.164705882353,118.599056389461,625.6,NA,872.6,2010-08-23,NA,7,"1091174","BURNS+LAKE+DECKER+LAKE",1991,2026
"DC","07-17",2001-07-17,368.470588235294,121.831013932752,632.5,NA,872.6,2010-08-23,NA,7,"1091174","BURNS+LAKE+DECKER+LAKE",1991,2026
"DC","07-18",2001-07-18,371.776470588235,123.009245228823,639.9,NA,872.6,2010-08-23,NA,7,"1091174","BURNS+LAKE+DECKER+LAKE",1991,2026
"DC","07-19",2001-07-19,375.488235294118,123.815921241742,648.1,NA,872.6,2010-08-23,NA,7,"1091174","BURNS+LAKE+DECKER+LAKE",1991,2026
"DC","07-20",2001-07-20,381.135294117647,124.255688708689,656.3,NA,872.6,2010-08-23,NA,7,"1091174","BURNS+LAKE+DECKER+LAKE",1991,2026
"DC","07-21",2001-07-21,376.111764705882,124.453851298147,664.3,NA,872.6,2010-08-23,NA,7,"1091174","BURNS+LAKE+DECKER+LAKE",1991,2026
"DC","07-22",2001-07-22,378.405882352941,123.573543237358,671,NA,872.6,2010-08-23,NA,7,"1091174","BURNS+LAKE+DECKER+LAKE",1991,2026
"DC","07-23",2001-07-23,384.141176470588,123.089373316828,678.7,NA,872.6,2010-08-23,NA,7,"1091174","BURNS+LAKE+DECKER+LAKE",1991,2026
"DC","07-24",2001-07-24,388.282352941177,122.381101662461,685.4,NA,872.6,2010-08-23,NA,7,"1091174","BURNS+LAKE+DECKER+LAKE",1991,2026
"DC","07-25",2001-07-25,394.341176470588,122.429209437656,692.3,NA,872.6,2010-08-23,NA,7,"1091174","BURNS+LAKE+DECKER+LAKE",1991,2026
"DC","07-26",2001-07-26,398.782352941176,122.645216148522,700.2,NA,872.6,2010-08-23,NA,7,"1091174","BURNS+LAKE+DECKER+LAKE",1991,2026
"DC","07-27",2001-07-27,404.911764705882,122.143501067151,708.5,NA,872.6,2010-08-23,NA,7,"1091174","BURNS+LAKE+DECKER+LAKE",1991,2026
"DC","07-28",2001-07-28,409.688235294118,124.644057631887,716.6,NA,872.6,2010-08-23,NA,7,"1091174","BURNS+LAKE+DECKER+LAKE",1991,2026
"DC","07-29",2001-07-29,416.476470588235,125.261998075093,724.2,NA,872.6,2010-08-23,NA,7,"1091174","BURNS+LAKE+DECKER+LAKE",1991,2026
"DC","07-30",2001-07-30,421.847058823529,127.980492251979,732,NA,872.6,2010-08-23,NA,7,"1091174","BURNS+LAKE+DECKER+LAKE",1991,2026
"DC","07-31",2001-07-31,428.076470588235,129.826232564011,740.2,NA,872.6,2010-08-23,NA,7,"1091174","BURNS+LAKE+DECKER+LAKE",1991,2026
"DC","08-01",2001-08-01,433.976470588235,130.339717322713,747.8,NA,872.6,2010-08-23,NA,8,"1091174","BURNS+LAKE+DECKER+LAKE",1991,2026
"DC","08-02",2001-08-02,440.864705882353,130.545106865292,754.7,NA,872.6,2010-08-23,NA,8,"1091174","BURNS+LAKE+DECKER+LAKE",1991,2026
"DC","08-03",2001-08-03,443.8,131.486482194939,762.2,NA,872.6,2010-08-23,NA,8,"1091174","BURNS+LAKE+DECKER+LAKE",1991,2026
"DC","08-04",2001-08-04,446.047058823529,134.174290186529,769.7,NA,872.6,2010-08-23,NA,8,"1091174","BURNS+LAKE+DECKER+LAKE",1991,2026
"DC","08-05",2001-08-05,450.617647058823,133.349757383048,776.4,NA,872.6,2010-08-23,NA,8,"1091174","BURNS+LAKE+DECKER+LAKE",1991,2026
"DC","08-06",2001-08-06,454.982352941176,134.68573251877,782.9,NA,872.6,2010-08-23,NA,8,"1091174","BURNS+LAKE+DECKER+LAKE",1991,2026
"DC","08-07",2001-08-07,460.164705882353,131.229040903569,765.6,NA,872.6,2010-08-23,NA,8,"1091174","BURNS+LAKE+DECKER+LAKE",1991,2026
"DC","08-08",2001-08-08,464.364705882353,130.362014891112,771.5,NA,872.6,2010-08-23,NA,8,"1091174","BURNS+LAKE+DECKER+LAKE",1991,2026
"DC","08-09",2001-08-09,468.429411764706,131.137155131116,777.6,NA,872.6,2010-08-23,NA,8,"1091174","BURNS+LAKE+DECKER+LAKE",1991,2026
"DC","08-10",2001-08-10,472.982352941177,130.660348017743,784.2,NA,872.6,2010-08-23,NA,8,"1091174","BURNS+LAKE+DECKER+LAKE",1991,2026
"DC","08-11",2001-08-11,476.488235294118,134.730647415283,791.2,NA,872.6,2010-08-23,NA,8,"1091174","BURNS+LAKE+DECKER+LAKE",1991,2026
"DC","08-12",2001-08-12,483.305882352941,135.175808997895,798.3,NA,872.6,2010-08-23,NA,8,"1091174","BURNS+LAKE+DECKER+LAKE",1991,2026
"DC","08-13",2001-08-13,488.682352941176,135.446614184769,805.6,NA,872.6,2010-08-23,NA,8,"1091174","BURNS+LAKE+DECKER+LAKE",1991,2026
"DC","08-14",2001-08-14,491.8,136.732672576821,813.7,NA,872.6,2010-08-23,NA,8,"1091174","BURNS+LAKE+DECKER+LAKE",1991,2026
"DC","08-15",2001-08-15,495.311764705882,140.033183042239,822,NA,872.6,2010-08-23,NA,8,"1091174","BURNS+LAKE+DECKER+LAKE",1991,2026
"DC","08-16",2001-08-16,501.294117647059,140.453815677024,830,NA,872.6,2010-08-23,NA,8,"1091174","BURNS+LAKE+DECKER+LAKE",1991,2026
"DC","08-17",2001-08-17,507.829411764706,140.774978976672,837.9,NA,872.6,2010-08-23,NA,8,"1091174","BURNS+LAKE+DECKER+LAKE",1991,2026
"DC","08-18",2001-08-18,510,141.278665232936,845.4,NA,872.6,2010-08-23,NA,8,"1091174","BURNS+LAKE+DECKER+LAKE",1991,2026
"DC","08-19",2001-08-19,515.241176470588,141.85330476774,851.2,NA,872.6,2010-08-23,NA,8,"1091174","BURNS+LAKE+DECKER+LAKE",1991,2026
"DC","08-20",2001-08-20,519.823529411765,144.226508179893,856.8,NA,872.6,2010-08-23,NA,8,"1091174","BURNS+LAKE+DECKER+LAKE",1991,2026
"DC","08-21",2001-08-21,516.770588235294,149.354535270551,862.4,NA,872.6,2010-08-23,NA,8,"1091174","BURNS+LAKE+DECKER+LAKE",1991,2026
"DC","08-22",2001-08-22,518.388235294118,155.186850612225,867.8,NA,872.6,2010-08-23,NA,8,"1091174","BURNS+LAKE+DECKER+LAKE",1991,2026
"DC","08-23",2001-08-23,522.111764705882,153.791506114418,872.6,NA,872.6,2010-08-23,NA,8,"1091174","BURNS+LAKE+DECKER+LAKE",1991,2026
"DC","08-24",2001-08-24,516.094117647059,141.607046393304,805.7,NA,872.6,2010-08-23,NA,8,"1091174","BURNS+LAKE+DECKER+LAKE",1991,2026
"DC","08-25",2001-08-25,516,138.246925824772,787.4,NA,872.6,2010-08-23,NA,8,"1091174","BURNS+LAKE+DECKER+LAKE",1991,2026
"DC","08-26",2001-08-26,517.211764705882,137.355123140497,783,NA,872.6,2010-08-23,NA,8,"1091174","BURNS+LAKE+DECKER+LAKE",1991,2026
"DC","08-27",2001-08-27,519.876470588235,139.109698302328,788.4,NA,872.6,2010-08-23,NA,8,"1091174","BURNS+LAKE+DECKER+LAKE",1991,2026
"DC","08-28",2001-08-28,525.788235294118,139.245362949511,794.4,NA,872.6,2010-08-23,NA,8,"1091174","BURNS+LAKE+DECKER+LAKE",1991,2026
"DC","08-29",2001-08-29,527.923529411765,137.780688638737,800.4,NA,872.6,2010-08-23,NA,8,"1091174","BURNS+LAKE+DECKER+LAKE",1991,2026
"DC","08-30",2001-08-30,516.470588235294,133.052046981181,805.9,NA,872.6,2010-08-23,NA,8,"1091174","BURNS+LAKE+DECKER+LAKE",1991,2026
"DC","08-31",2001-08-31,520.729411764706,133.108986195081,811.5,NA,872.6,2010-08-23,NA,8,"1091174","BURNS+LAKE+DECKER+LAKE",1991,2026
"DC","09-01",2001-09-01,521.417647058823,127.381274307167,782.1,NA,872.6,2010-08-23,NA,9,"1091174","BURNS+LAKE+DECKER+LAKE",1991,2026
"DC","09-02",2001-09-02,521.382352941176,128.974058609155,786,NA,872.6,2010-08-23,NA,9,"1091174","BURNS+LAKE+DECKER+LAKE",1991,2026
"DC","09-03",2001-09-03,523.370588235294,130.033749295644,790.5,NA,872.6,2010-08-23,NA,9,"1091174","BURNS+LAKE+DECKER+LAKE",1991,2026
"DC","09-04",2001-09-04,526.188235294118,131.147893055669,795.2,NA,872.6,2010-08-23,NA,9,"1091174","BURNS+LAKE+DECKER+LAKE",1991,2026
"DC","09-05",2001-09-05,527.611764705882,133.800966375214,800.7,NA,872.6,2010-08-23,NA,9,"1091174","BURNS+LAKE+DECKER+LAKE",1991,2026
"DC","09-06",2001-09-06,529.258823529412,135.498653401166,806.6,NA,872.6,2010-08-23,NA,9,"1091174","BURNS+LAKE+DECKER+LAKE",1991,2026
"DC","09-07",2001-09-07,533.105882352941,136.344001841795,811.8,NA,872.6,2010-08-23,NA,9,"1091174","BURNS+LAKE+DECKER+LAKE",1991,2026
"DC","09-08",2001-09-08,521.176470588235,129.755069888481,796.6,NA,872.6,2010-08-23,NA,9,"1091174","BURNS+LAKE+DECKER+LAKE",1991,2026
"DC","09-09",2001-09-09,519.723529411765,129.703313033109,801.2,NA,872.6,2010-08-23,NA,9,"1091174","BURNS+LAKE+DECKER+LAKE",1991,2026
"DC","09-10",2001-09-10,518.376470588235,126.685528620142,805.2,NA,872.6,2010-08-23,NA,9,"1091174","BURNS+LAKE+DECKER+LAKE",1991,2026
"DC","09-11",2001-09-11,518.923529411765,127.482403341656,809.1,NA,872.6,2010-08-23,NA,9,"1091174","BURNS+LAKE+DECKER+LAKE",1991,2026
"DC","09-12",2001-09-12,516.847058823529,116.798063541562,741.9,NA,872.6,2010-08-23,NA,9,"1091174","BURNS+LAKE+DECKER+LAKE",1991,2026
"DC","09-13",2001-09-13,520.564705882353,117.467271724811,746.7,NA,872.6,2010-08-23,NA,9,"1091174","BURNS+LAKE+DECKER+LAKE",1991,2026
"DC","09-14",2001-09-14,523.923529411765,118.189305403512,752.1,NA,872.6,2010-08-23,NA,9,"1091174","BURNS+LAKE+DECKER+LAKE",1991,2026
"DC","09-15",2001-09-15,526.570588235294,119.593424593003,757.7,NA,872.6,2010-08-23,NA,9,"1091174","BURNS+LAKE+DECKER+LAKE",1991,2026
"DC","09-16",2001-09-16,528.135294117647,119.288143486562,763.2,NA,872.6,2010-08-23,NA,9,"1091174","BURNS+LAKE+DECKER+LAKE",1991,2026
"DC","09-17",2001-09-17,530.835294117647,119.881451553068,767.8,NA,872.6,2010-08-23,NA,9,"1091174","BURNS+LAKE+DECKER+LAKE",1991,2026
"DC","09-18",2001-09-18,530.558823529412,121.918836007934,772.2,NA,872.6,2010-08-23,NA,9,"1091174","BURNS+LAKE+DECKER+LAKE",1991,2026
"DC","09-19",2001-09-19,534.788235294118,121.87094035471,777,NA,872.6,2010-08-23,NA,9,"1091174","BURNS+LAKE+DECKER+LAKE",1991,2026
"DC","09-20",2001-09-20,539.005882352941,122.176140625882,782.4,NA,872.6,2010-08-23,NA,9,"1091174","BURNS+LAKE+DECKER+LAKE",1991,2026
"DC","09-21",2001-09-21,542.864705882353,123.069873147211,788,NA,872.6,2010-08-23,NA,9,"1091174","BURNS+LAKE+DECKER+LAKE",1991,2026
"DC","09-22",2001-09-22,546.947058823529,123.365858919957,792.9,NA,872.6,2010-08-23,NA,9,"1091174","BURNS+LAKE+DECKER+LAKE",1991,2026
"DC","09-23",2001-09-23,546.447058823529,127.37702951105,797.4,NA,872.6,2010-08-23,NA,9,"1091174","BURNS+LAKE+DECKER+LAKE",1991,2026
"DC","09-24",2001-09-24,548.376470588235,123.739128458886,802,NA,872.6,2010-08-23,NA,9,"1091174","BURNS+LAKE+DECKER+LAKE",1991,2026
"DC","09-25",2001-09-25,545.194117647059,119.32949902784,806.4,NA,872.6,2010-08-23,NA,9,"1091174","BURNS+LAKE+DECKER+LAKE",1991,2026
"DC","09-26",2001-09-26,540.176470588235,113.479257627836,760.9,NA,872.6,2010-08-23,NA,9,"1091174","BURNS+LAKE+DECKER+LAKE",1991,2026
"DC","09-27",2001-09-27,543.494117647059,114.498223078943,764.9,NA,872.6,2010-08-23,NA,9,"1091174","BURNS+LAKE+DECKER+LAKE",1991,2026
"DC","09-28",2001-09-28,544.8,118.24885834544,769.8,NA,872.6,2010-08-23,NA,9,"1091174","BURNS+LAKE+DECKER+LAKE",1991,2026
"DC","09-29",2001-09-29,542.552941176471,120.442144397461,773.8,NA,872.6,2010-08-23,NA,9,"1091174","BURNS+LAKE+DECKER+LAKE",1991,2026
"DC","09-30",2001-09-30,540.417647058824,121.474057082645,777.6,NA,872.6,2010-08-23,NA,9,"1091174","BURNS+LAKE+DECKER+LAKE",1991,2026
"DC","10-01",2001-10-01,539.741176470588,125.249665961748,779.7,NA,872.6,2010-08-23,NA,10,"1091174","BURNS+LAKE+DECKER+LAKE",1991,2026
"DC","10-02",2001-10-02,537.758823529412,126.192442616543,781.6,NA,872.6,2010-08-23,NA,10,"1091174","BURNS+LAKE+DECKER+LAKE",1991,2026
"DC","10-03",2001-10-03,538.135294117647,126.082353747345,784.2,NA,872.6,2010-08-23,NA,10,"1091174","BURNS+LAKE+DECKER+LAKE",1991,2026
"DC","10-04",2001-10-04,536.535294117647,123.105310309794,765.5,NA,872.6,2010-08-23,NA,10,"1091174","BURNS+LAKE+DECKER+LAKE",1991,2026
"DC","10-05",2001-10-05,533.958823529412,119.552039185994,765.8,NA,872.6,2010-08-23,NA,10,"1091174","BURNS+LAKE+DECKER+LAKE",1991,2026
"DC","10-06",2001-10-06,528.470588235294,114.764916049646,769.1,NA,872.6,2010-08-23,NA,10,"1091174","BURNS+LAKE+DECKER+LAKE",1991,2026
"DC","10-07",2001-10-07,529.505882352941,115.356249671335,772.6,NA,872.6,2010-08-23,NA,10,"1091174","BURNS+LAKE+DECKER+LAKE",1991,2026
"DC","10-08",2001-10-08,521.964705882353,116.624418225647,776,NA,872.6,2010-08-23,NA,10,"1091174","BURNS+LAKE+DECKER+LAKE",1991,2026
"DC","10-09",2001-10-09,513.882352941177,121.029031823433,779.4,NA,872.6,2010-08-23,NA,10,"1091174","BURNS+LAKE+DECKER+LAKE",1991,2026
"DC","10-10",2001-10-10,511.994117647059,124.372512390139,780.9,NA,872.6,2010-08-23,NA,10,"1091174","BURNS+LAKE+DECKER+LAKE",1991,2026
"DC","10-11",2001-10-11,513.758823529412,124.528330405291,782.2,NA,872.6,2010-08-23,NA,10,"1091174","BURNS+LAKE+DECKER+LAKE",1991,2026
"DC","10-12",2001-10-12,504.858823529412,112.844943721593,714.8,NA,872.6,2010-08-23,NA,10,"1091174","BURNS+LAKE+DECKER+LAKE",1991,2026
"DC","10-13",2001-10-13,497.488235294118,110.291567460714,716.5,NA,872.6,2010-08-23,NA,10,"1091174","BURNS+LAKE+DECKER+LAKE",1991,2026
"DC","10-14",2001-10-14,493.588235294118,107.266186904081,718.9,NA,872.6,2010-08-23,NA,10,"1091174","BURNS+LAKE+DECKER+LAKE",1991,2026
"DC","10-15",2001-10-15,494.08125,109.436174511295,720.8,NA,872.6,2010-08-23,NA,10,"1091174","BURNS+LAKE+DECKER+LAKE",1991,2026
"DC","10-16",2001-10-16,491.99375,112.634230846281,722.8,NA,872.6,2010-08-23,NA,10,"1091174","BURNS+LAKE+DECKER+LAKE",1991,2026
"DC","10-17",2001-10-17,478.925,116.212050436548,724.9,NA,872.6,2010-08-23,NA,10,"1091174","BURNS+LAKE+DECKER+LAKE",1991,2026
"DC","10-18",2001-10-18,476.525,113.778372285773,727.8,NA,872.6,2010-08-23,NA,10,"1091174","BURNS+LAKE+DECKER+LAKE",1991,2026
"DC","10-19",2001-10-19,473.025,110.445241334035,729.4,NA,872.6,2010-08-23,NA,10,"1091174","BURNS+LAKE+DECKER+LAKE",1991,2026
"DC","10-20",2001-10-20,465.55625,108.035802514722,694.9,NA,872.6,2010-08-23,NA,10,"1091174","BURNS+LAKE+DECKER+LAKE",1991,2026
"DC","10-21",2001-10-21,465.225,110.018134868757,696.8,NA,872.6,2010-08-23,NA,10,"1091174","BURNS+LAKE+DECKER+LAKE",1991,2026
"DC","10-22",2001-10-22,480.82,96.9548657881594,698.3,NA,872.6,2010-08-23,NA,10,"1091174","BURNS+LAKE+DECKER+LAKE",1991,2026
"DC","10-23",2001-10-23,491.114285714286,94.4970724588688,700.4,NA,872.6,2010-08-23,NA,10,"1091174","BURNS+LAKE+DECKER+LAKE",1991,2026
"DC","10-24",2001-10-24,490.6,98.2210849994111,701.8,NA,872.6,2010-08-23,NA,10,"1091174","BURNS+LAKE+DECKER+LAKE",1991,2026
"DC","10-25",2001-10-25,478.628571428571,101.814797387379,703.1,NA,872.6,2010-08-23,NA,10,"1091174","BURNS+LAKE+DECKER+LAKE",1991,2026
"DC","10-26",2001-10-26,468,95.9933765076181,671.4,NA,872.6,2010-08-23,NA,10,"1091174","BURNS+LAKE+DECKER+LAKE",1991,2026
"DC","10-27",2001-10-27,467.207692307692,99.6799750998034,672.9,NA,872.6,2010-08-23,NA,10,"1091174","BURNS+LAKE+DECKER+LAKE",1991,2026
"DC","10-28",2001-10-28,457.992307692308,95.4780730633868,673.6,NA,872.6,2010-08-23,NA,10,"1091174","BURNS+LAKE+DECKER+LAKE",1991,2026
"DC","10-29",2001-10-29,452.45,104.641009690708,675.2,NA,872.6,2010-08-23,NA,10,"1091174","BURNS+LAKE+DECKER+LAKE",1991,2026
"DC","10-30",2001-10-30,452.875,105.595360822684,677.4,NA,872.6,2010-08-23,NA,10,"1091174","BURNS+LAKE+DECKER+LAKE",1991,2026
"DC","10-31",2001-10-31,440.816666666667,103.478929197585,678.8,NA,872.6,2010-08-23,NA,10,"1091174","BURNS+LAKE+DECKER+LAKE",1991,2026
"DMC","04-01",2001-04-01,10.1,NA,10.1,NA,199.7,2010-07-31,NA,4,"1091174","BURNS+LAKE+DECKER+LAKE",1991,2026
"DMC","04-02",2001-04-02,11.3,NA,11.3,NA,199.7,2010-07-31,NA,4,"1091174","BURNS+LAKE+DECKER+LAKE",1991,2026
"DMC","04-03",2001-04-03,12.6,NA,12.6,NA,199.7,2010-07-31,NA,4,"1091174","BURNS+LAKE+DECKER+LAKE",1991,2026
"DMC","04-04",2001-04-04,7.8,NA,7.8,NA,199.7,2010-07-31,NA,4,"1091174","BURNS+LAKE+DECKER+LAKE",1991,2026
"DMC","04-05",2001-04-05,7.85,0.919238815542512,8.5,NA,199.7,2010-07-31,NA,4,"1091174","BURNS+LAKE+DECKER+LAKE",1991,2026
"DMC","04-06",2001-04-06,9.05,1.34350288425444,10,NA,199.7,2010-07-31,NA,4,"1091174","BURNS+LAKE+DECKER+LAKE",1991,2026
"DMC","04-07",2001-04-07,10.35,1.76776695296637,11.6,NA,199.7,2010-07-31,NA,4,"1091174","BURNS+LAKE+DECKER+LAKE",1991,2026
"DMC","04-08",2001-04-08,9.83333333333333,3.70720020140986,13.4,NA,199.7,2010-07-31,NA,4,"1091174","BURNS+LAKE+DECKER+LAKE",1991,2026
"DMC","04-09",2001-04-09,10.875,2.98147055438531,14.8,NA,199.7,2010-07-31,NA,4,"1091174","BURNS+LAKE+DECKER+LAKE",1991,2026
"DMC","04-10",2001-04-10,12.075,3.35198945901286,16.6,7.9,199.7,2010-07-31,NA,4,"1091174","BURNS+LAKE+DECKER+LAKE",1991,2026
"DMC","04-11",2001-04-11,13.375,3.82480936344109,18.4,9.1,199.7,2010-07-31,NA,4,"1091174","BURNS+LAKE+DECKER+LAKE",1991,2026
"DMC","04-12",2001-04-12,11.16,2.50659131092406,14.9,10.2,199.7,2010-07-31,NA,4,"1091174","BURNS+LAKE+DECKER+LAKE",1991,2026
"DMC","04-13",2001-04-13,11.4,2.27376340018041,15.1,11.2,199.7,2010-07-31,NA,4,"1091174","BURNS+LAKE+DECKER+LAKE",1991,2026
"DMC","04-14",2001-04-14,10.6833333333333,3.08960623165261,13.4,11.2,199.7,2010-07-31,NA,4,"1091174","BURNS+LAKE+DECKER+LAKE",1991,2026
"DMC","04-15",2001-04-15,12.2,3.05875791784835,22.8,8.3,199.7,2010-07-31,NA,4,"1091174","BURNS+LAKE+DECKER+LAKE",1991,2026
"DMC","04-16",2001-04-16,12.7666666666667,2.57656101551403,26,8.5,199.7,2010-07-31,NA,4,"1091174","BURNS+LAKE+DECKER+LAKE",1991,2026
"DMC","04-17",2001-04-17,13.6,2.25166604983954,29.1,9.9,199.7,2010-07-31,NA,4,"1091174","BURNS+LAKE+DECKER+LAKE",1991,2026
"DMC","04-18",2001-04-18,15.2428571428571,2.5618073976896,30.8,11.7,199.7,2010-07-31,NA,4,"1091174","BURNS+LAKE+DECKER+LAKE",1991,2026
"DMC","04-19",2001-04-19,14.7375,5.03642092306488,32.7,13.4,199.7,2010-07-31,NA,4,"1091174","BURNS+LAKE+DECKER+LAKE",1991,2026
"DMC","04-20",2001-04-20,16.5125,5.3005222114699,35.3,15.1,199.7,2010-07-31,NA,4,"1091174","BURNS+LAKE+DECKER+LAKE",1991,2026
"DMC","04-21",2001-04-21,17.125,5.36489914696845,37.3,17.3,199.7,2010-07-31,NA,4,"1091174","BURNS+LAKE+DECKER+LAKE",1991,2026
"DMC","04-22",2001-04-22,16.2222222222222,5.66718134917566,38.5,18.9,199.7,2010-07-31,NA,4,"1091174","BURNS+LAKE+DECKER+LAKE",1991,2026
"DMC","04-23",2001-04-23,14.7583333333333,6.66803205714786,40.4,21.1,199.7,2010-07-31,NA,4,"1091174","BURNS+LAKE+DECKER+LAKE",1991,2026
"DMC","04-24",2001-04-24,14.6833333333333,6.0371325724196,42,23.3,199.7,2010-07-31,NA,4,"1091174","BURNS+LAKE+DECKER+LAKE",1991,2026
"DMC","04-25",2001-04-25,14.4333333333333,6.83285290254948,43.7,25.5,199.7,2010-07-31,NA,4,"1091174","BURNS+LAKE+DECKER+LAKE",1991,2026
"DMC","04-26",2001-04-26,14.4692307692308,7.09311692363151,46.4,27.5,199.7,2010-07-31,NA,4,"1091174","BURNS+LAKE+DECKER+LAKE",1991,2026
"DMC","04-27",2001-04-27,14.9692307692308,6.71309474278749,46.8,29.9,199.7,2010-07-31,NA,4,"1091174","BURNS+LAKE+DECKER+LAKE",1991,2026
"DMC","04-28",2001-04-28,15.3230769230769,6.06906827639875,43.1,32.1,199.7,2010-07-31,NA,4,"1091174","BURNS+LAKE+DECKER+LAKE",1991,2026
"DMC","04-29",2001-04-29,16.3076923076923,6.40253355301133,34.8,34.8,199.7,2010-07-31,NA,4,"1091174","BURNS+LAKE+DECKER+LAKE",1991,2026
"DMC","04-30",2001-04-30,15.6466666666667,8.21356601402014,36.3,36.3,199.7,2010-07-31,NA,4,"1091174","BURNS+LAKE+DECKER+LAKE",1991,2026
"DMC","05-01",2001-05-01,17.2466666666667,8.3762305421495,35,35,199.7,2010-07-31,NA,5,"1091174","BURNS+LAKE+DECKER+LAKE",1991,2026
"DMC","05-02",2001-05-02,19.08,8.74342201723264,38.1,38.1,199.7,2010-07-31,NA,5,"1091174","BURNS+LAKE+DECKER+LAKE",1991,2026
"DMC","05-03",2001-05-03,20.2733333333333,9.49537230644988,40.9,40.9,199.7,2010-07-31,NA,5,"1091174","BURNS+LAKE+DECKER+LAKE",1991,2026
"DMC","05-04",2001-05-04,21.5666666666667,9.49463507661538,44.2,44.2,199.7,2010-07-31,NA,5,"1091174","BURNS+LAKE+DECKER+LAKE",1991,2026
"DMC","05-05",2001-05-05,21.0625,10.8890082193008,48.3,48.3,199.7,2010-07-31,NA,5,"1091174","BURNS+LAKE+DECKER+LAKE",1991,2026
"DMC","05-06",2001-05-06,22.0125,12.4249144866273,51.3,51.3,199.7,2010-07-31,NA,5,"1091174","BURNS+LAKE+DECKER+LAKE",1991,2026
"DMC","05-07",2001-05-07,24.1125,12.7502614352282,54.4,54.4,199.7,2010-07-31,NA,5,"1091174","BURNS+LAKE+DECKER+LAKE",1991,2026
"DMC","05-08",2001-05-08,26.44375,13.3810796151382,57.2,57.2,199.7,2010-07-31,NA,5,"1091174","BURNS+LAKE+DECKER+LAKE",1991,2026
"DMC","05-09",2001-05-09,26.825,13.5381190224738,59.4,59.4,199.7,2010-07-31,NA,5,"1091174","BURNS+LAKE+DECKER+LAKE",1991,2026
"DMC","05-10",2001-05-10,28.83125,14.1431594183667,61.5,61.5,199.7,2010-07-31,NA,5,"1091174","BURNS+LAKE+DECKER+LAKE",1991,2026
"DMC","05-11",2001-05-11,30.0875,14.5488086568397,63.9,63.9,199.7,2010-07-31,NA,5,"1091174","BURNS+LAKE+DECKER+LAKE",1991,2026
"DMC","05-12",2001-05-12,30.54375,14.0486283434837,67,67,199.7,2010-07-31,NA,5,"1091174","BURNS+LAKE+DECKER+LAKE",1991,2026
"DMC","05-13",2001-05-13,31.075,15.5085567778995,69.3,69.3,199.7,2010-07-31,NA,5,"1091174","BURNS+LAKE+DECKER+LAKE",1991,2026
"DMC","05-14",2001-05-14,32.96875,15.9909857419735,71.3,71.3,199.7,2010-07-31,NA,5,"1091174","BURNS+LAKE+DECKER+LAKE",1991,2026
"DMC","05-15",2001-05-15,33.8125,16.0895773717025,73.3,73.3,199.7,2010-07-31,NA,5,"1091174","BURNS+LAKE+DECKER+LAKE",1991,2026
"DMC","05-16",2001-05-16,35.09375,17.4917301888635,65.6,NA,199.7,2010-07-31,NA,5,"1091174","BURNS+LAKE+DECKER+LAKE",1991,2026
"DMC","05-17",2001-05-17,34.15625,18.2941144907317,61.2,NA,199.7,2010-07-31,NA,5,"1091174","BURNS+LAKE+DECKER+LAKE",1991,2026
"DMC","05-18",2001-05-18,33.375,19.4177410289319,66.1,NA,199.7,2010-07-31,NA,5,"1091174","BURNS+LAKE+DECKER+LAKE",1991,2026
"DMC","05-19",2001-05-19,34.7375,19.5391530010899,70.7,NA,199.7,2010-07-31,NA,5,"1091174","BURNS+LAKE+DECKER+LAKE",1991,2026
"DMC","05-20",2001-05-20,35.5875,18.7869768722911,74.7,NA,199.7,2010-07-31,NA,5,"1091174","BURNS+LAKE+DECKER+LAKE",1991,2026
"DMC","05-21",2001-05-21,36.375,18.2833804314191,77.5,NA,199.7,2010-07-31,NA,5,"1091174","BURNS+LAKE+DECKER+LAKE",1991,2026
"DMC","05-22",2001-05-22,35.10625,19.8855213241527,78.9,NA,199.7,2010-07-31,NA,5,"1091174","BURNS+LAKE+DECKER+LAKE",1991,2026
"DMC","05-23",2001-05-23,35.8470588235294,21.1018991339363,81.3,NA,199.7,2010-07-31,NA,5,"1091174","BURNS+LAKE+DECKER+LAKE",1991,2026
"DMC","05-24",2001-05-24,36.5705882352941,22.4447868308512,84.5,NA,199.7,2010-07-31,NA,5,"1091174","BURNS+LAKE+DECKER+LAKE",1991,2026
"DMC","05-25",2001-05-25,38.0470588235294,23.3574430762193,88.6,NA,199.7,2010-07-31,NA,5,"1091174","BURNS+LAKE+DECKER+LAKE",1991,2026
"DMC","05-26",2001-05-26,39.8235294117647,23.3559823549494,89.2,NA,199.7,2010-07-31,NA,5,"1091174","BURNS+LAKE+DECKER+LAKE",1991,2026
"DMC","05-27",2001-05-27,41.0705882352941,23.1864660067539,92.9,NA,199.7,2010-07-31,NA,5,"1091174","BURNS+LAKE+DECKER+LAKE",1991,2026
"DMC","05-28",2001-05-28,40.4058823529412,23.0524258644355,95.8,NA,199.7,2010-07-31,NA,5,"1091174","BURNS+LAKE+DECKER+LAKE",1991,2026
"DMC","05-29",2001-05-29,40.4882352941176,23.9337074633492,98.1,NA,199.7,2010-07-31,NA,5,"1091174","BURNS+LAKE+DECKER+LAKE",1991,2026
"DMC","05-30",2001-05-30,40.2058823529412,25.9708844330588,99.8,NA,199.7,2010-07-31,NA,5,"1091174","BURNS+LAKE+DECKER+LAKE",1991,2026
"DMC","05-31",2001-05-31,39.3352941176471,27.4859041414065,102,NA,199.7,2010-07-31,NA,5,"1091174","BURNS+LAKE+DECKER+LAKE",1991,2026
"DMC","06-01",2001-06-01,39.1176470588235,27.400529997021,105.1,NA,199.7,2010-07-31,NA,6,"1091174","BURNS+LAKE+DECKER+LAKE",1991,2026
"DMC","06-02",2001-06-02,40.0529411764706,25.6525124901797,108.7,NA,199.7,2010-07-31,NA,6,"1091174","BURNS+LAKE+DECKER+LAKE",1991,2026
"DMC","06-03",2001-06-03,39.4411764705882,26.6344245954256,111.8,NA,199.7,2010-07-31,NA,6,"1091174","BURNS+LAKE+DECKER+LAKE",1991,2026
"DMC","06-04",2001-06-04,38.2941176470588,20.6812557219163,113.9,NA,199.7,2010-07-31,NA,6,"1091174","BURNS+LAKE+DECKER+LAKE",1991,2026
"DMC","06-05",2001-06-05,38.2941176470588,20.4201025520269,115.1,NA,199.7,2010-07-31,NA,6,"1091174","BURNS+LAKE+DECKER+LAKE",1991,2026
"DMC","06-06",2001-06-06,36.9882352941176,22.1694012761097,118.6,NA,199.7,2010-07-31,NA,6,"1091174","BURNS+LAKE+DECKER+LAKE",1991,2026
"DMC","06-07",2001-06-07,36.5764705882353,24.3961198096071,123.9,NA,199.7,2010-07-31,NA,6,"1091174","BURNS+LAKE+DECKER+LAKE",1991,2026
"DMC","06-08",2001-06-08,37.3176470588235,24.3045838087725,130.1,NA,199.7,2010-07-31,NA,6,"1091174","BURNS+LAKE+DECKER+LAKE",1991,2026
"DMC","06-09",2001-06-09,36.1882352941177,21.7999392875571,134.2,NA,199.7,2010-07-31,NA,6,"1091174","BURNS+LAKE+DECKER+LAKE",1991,2026
"DMC","06-10",2001-06-10,37.8411764705882,22.9472236562381,137.2,NA,199.7,2010-07-31,NA,6,"1091174","BURNS+LAKE+DECKER+LAKE",1991,2026
"DMC","06-11",2001-06-11,35.3058823529412,18.6436473962391,142,NA,199.7,2010-07-31,NA,6,"1091174","BURNS+LAKE+DECKER+LAKE",1991,2026
"DMC","06-12",2001-06-12,37.0941176470588,19.338286848511,146.9,NA,199.7,2010-07-31,NA,6,"1091174","BURNS+LAKE+DECKER+LAKE",1991,2026
"DMC","06-13",2001-06-13,39,20.3558959517875,150.4,NA,199.7,2010-07-31,NA,6,"1091174","BURNS+LAKE+DECKER+LAKE",1991,2026
"DMC","06-14",2001-06-14,38.5176470588235,18.7189821870113,153.8,NA,199.7,2010-07-31,NA,6,"1091174","BURNS+LAKE+DECKER+LAKE",1991,2026
"DMC","06-15",2001-06-15,34.7277777777778,18.9596415191835,157.5,NA,199.7,2010-07-31,NA,6,"1091174","BURNS+LAKE+DECKER+LAKE",1991,2026
"DMC","06-16",2001-06-16,34.8555555555556,21.4025073358576,87.7,NA,199.7,2010-07-31,NA,6,"1091174","BURNS+LAKE+DECKER+LAKE",1991,2026
"DMC","06-17",2001-06-17,36.3722222222222,22.5186669116341,92.2,NA,199.7,2010-07-31,NA,6,"1091174","BURNS+LAKE+DECKER+LAKE",1991,2026
"DMC","06-18",2001-06-18,35.0333333333333,22.3459431770196,94.5,NA,199.7,2010-07-31,NA,6,"1091174","BURNS+LAKE+DECKER+LAKE",1991,2026
"DMC","06-19",2001-06-19,34.2722222222222,23.3632895940104,96.1,NA,199.7,2010-07-31,NA,6,"1091174","BURNS+LAKE+DECKER+LAKE",1991,2026
"DMC","06-20",2001-06-20,32.7111111111111,20.8747212419257,79.2,NA,199.7,2010-07-31,NA,6,"1091174","BURNS+LAKE+DECKER+LAKE",1991,2026
"DMC","06-21",2001-06-21,33.0888888888889,18.3156920470781,74.7,NA,199.7,2010-07-31,NA,6,"1091174","BURNS+LAKE+DECKER+LAKE",1991,2026
"DMC","06-22",2001-06-22,35.7333333333333,18.8816437469897,77.8,NA,199.7,2010-07-31,NA,6,"1091174","BURNS+LAKE+DECKER+LAKE",1991,2026
"DMC","06-23",2001-06-23,36.5388888888889,20.7874152791281,82.6,NA,199.7,2010-07-31,NA,6,"1091174","BURNS+LAKE+DECKER+LAKE",1991,2026
"DMC","06-24",2001-06-24,34.9888888888889,17.4431813372274,76.9,NA,199.7,2010-07-31,NA,6,"1091174","BURNS+LAKE+DECKER+LAKE",1991,2026
"DMC","06-25",2001-06-25,32.2055555555556,20.5207921020786,79,NA,199.7,2010-07-31,NA,6,"1091174","BURNS+LAKE+DECKER+LAKE",1991,2026
"DMC","06-26",2001-06-26,33.65,22.7218021758321,82.7,NA,199.7,2010-07-31,NA,6,"1091174","BURNS+LAKE+DECKER+LAKE",1991,2026
"DMC","06-27",2001-06-27,35.9833333333333,23.9933630528993,85.4,NA,199.7,2010-07-31,NA,6,"1091174","BURNS+LAKE+DECKER+LAKE",1991,2026
"DMC","06-28",2001-06-28,37.6611111111111,24.5282103826423,87.9,NA,199.7,2010-07-31,NA,6,"1091174","BURNS+LAKE+DECKER+LAKE",1991,2026
"DMC","06-29",2001-06-29,37.35,24.6489052375915,90.1,NA,199.7,2010-07-31,NA,6,"1091174","BURNS+LAKE+DECKER+LAKE",1991,2026
"DMC","06-30",2001-06-30,37.6944444444444,26.1087425570152,91.8,NA,199.7,2010-07-31,NA,6,"1091174","BURNS+LAKE+DECKER+LAKE",1991,2026
"DMC","07-01",2001-07-01,37.5411764705882,27.3813362261489,94.5,NA,199.7,2010-07-31,NA,7,"1091174","BURNS+LAKE+DECKER+LAKE",1991,2026
"DMC","07-02",2001-07-02,37.0411764705882,28.154241661416,96.7,NA,199.7,2010-07-31,NA,7,"1091174","BURNS+LAKE+DECKER+LAKE",1991,2026
"DMC","07-03",2001-07-03,33.7294117647059,27.7120408104916,98.9,NA,199.7,2010-07-31,NA,7,"1091174","BURNS+LAKE+DECKER+LAKE",1991,2026
"DMC","07-04",2001-07-04,32.6235294117647,29.2160599972807,100.9,NA,199.7,2010-07-31,NA,7,"1091174","BURNS+LAKE+DECKER+LAKE",1991,2026
"DMC","07-05",2001-07-05,33.9705882352941,30.6505661592466,103.9,NA,199.7,2010-07-31,NA,7,"1091174","BURNS+LAKE+DECKER+LAKE",1991,2026
"DMC","07-06",2001-07-06,35.5764705882353,32.4019584556969,107.6,NA,199.7,2010-07-31,NA,7,"1091174","BURNS+LAKE+DECKER+LAKE",1991,2026
"DMC","07-07",2001-07-07,38.4117647058824,34.0256682952911,113,NA,199.7,2010-07-31,NA,7,"1091174","BURNS+LAKE+DECKER+LAKE",1991,2026
"DMC","07-08",2001-07-08,40.8176470588235,35.5186260167486,119.5,NA,199.7,2010-07-31,NA,7,"1091174","BURNS+LAKE+DECKER+LAKE",1991,2026
"DMC","07-09",2001-07-09,43.0941176470588,36.5384467135002,123.7,NA,199.7,2010-07-31,NA,7,"1091174","BURNS+LAKE+DECKER+LAKE",1991,2026
"DMC","07-10",2001-07-10,43.1941176470588,37.0954085869841,126.4,NA,199.7,2010-07-31,NA,7,"1091174","BURNS+LAKE+DECKER+LAKE",1991,2026
"DMC","07-11",2001-07-11,43.4941176470588,39.240595538744,130.4,NA,199.7,2010-07-31,NA,7,"1091174","BURNS+LAKE+DECKER+LAKE",1991,2026
"DMC","07-12",2001-07-12,45.2058823529412,39.9901623932098,132.5,NA,199.7,2010-07-31,NA,7,"1091174","BURNS+LAKE+DECKER+LAKE",1991,2026
"DMC","07-13",2001-07-13,43.3,40.0463013273386,135.7,NA,199.7,2010-07-31,NA,7,"1091174","BURNS+LAKE+DECKER+LAKE",1991,2026
"DMC","07-14",2001-07-14,44.4941176470588,41.8713277582082,139,NA,199.7,2010-07-31,NA,7,"1091174","BURNS+LAKE+DECKER+LAKE",1991,2026
"DMC","07-15",2001-07-15,44.4941176470588,43.4681991602516,140.6,NA,199.7,2010-07-31,NA,7,"1091174","BURNS+LAKE+DECKER+LAKE",1991,2026
"DMC","07-16",2001-07-16,45.9470588235294,44.7707231018087,143.5,NA,199.7,2010-07-31,NA,7,"1091174","BURNS+LAKE+DECKER+LAKE",1991,2026
"DMC","07-17",2001-07-17,46.5411764705882,46.3447685670067,146.2,NA,199.7,2010-07-31,NA,7,"1091174","BURNS+LAKE+DECKER+LAKE",1991,2026
"DMC","07-18",2001-07-18,45.3823529411765,43.9545252973758,149.9,NA,199.7,2010-07-31,NA,7,"1091174","BURNS+LAKE+DECKER+LAKE",1991,2026
"DMC","07-19",2001-07-19,45.8235294117647,45.2275846333264,154.7,NA,199.7,2010-07-31,NA,7,"1091174","BURNS+LAKE+DECKER+LAKE",1991,2026
"DMC","07-20",2001-07-20,46.7705882352941,46.4267940513057,159.5,NA,199.7,2010-07-31,NA,7,"1091174","BURNS+LAKE+DECKER+LAKE",1991,2026
"DMC","07-21",2001-07-21,40.4882352941177,40.0649766372224,163.7,NA,199.7,2010-07-31,NA,7,"1091174","BURNS+LAKE+DECKER+LAKE",1991,2026
"DMC","07-22",2001-07-22,39.9411764705882,38.7678194322225,165.9,NA,199.7,2010-07-31,NA,7,"1091174","BURNS+LAKE+DECKER+LAKE",1991,2026
"DMC","07-23",2001-07-23,40.1,37.6843302978838,169.6,NA,199.7,2010-07-31,NA,7,"1091174","BURNS+LAKE+DECKER+LAKE",1991,2026
"DMC","07-24",2001-07-24,40.1823529411765,37.6940518400138,172.2,NA,199.7,2010-07-31,NA,7,"1091174","BURNS+LAKE+DECKER+LAKE",1991,2026
"DMC","07-25",2001-07-25,41.5,38.1725359388134,175.1,NA,199.7,2010-07-31,NA,7,"1091174","BURNS+LAKE+DECKER+LAKE",1991,2026
"DMC","07-26",2001-07-26,42.1352941176471,39.10775084904,179.6,NA,199.7,2010-07-31,NA,7,"1091174","BURNS+LAKE+DECKER+LAKE",1991,2026
"DMC","07-27",2001-07-27,43.2235294117647,39.5178682593673,184.3,NA,199.7,2010-07-31,NA,7,"1091174","BURNS+LAKE+DECKER+LAKE",1991,2026
"DMC","07-28",2001-07-28,44.3176470588235,41.0001712693697,188.3,NA,199.7,2010-07-31,NA,7,"1091174","BURNS+LAKE+DECKER+LAKE",1991,2026
"DMC","07-29",2001-07-29,46.8058823529412,41.5999319498878,191.5,NA,199.7,2010-07-31,NA,7,"1091174","BURNS+LAKE+DECKER+LAKE",1991,2026
"DMC","07-30",2001-07-30,48.4176470588235,42.9249670252366,195.4,NA,199.7,2010-07-31,NA,7,"1091174","BURNS+LAKE+DECKER+LAKE",1991,2026
"DMC","07-31",2001-07-31,50.7764705882353,44.1883968001183,199.7,NA,199.7,2010-07-31,NA,7,"1091174","BURNS+LAKE+DECKER+LAKE",1991,2026
"DMC","08-01",2001-08-01,43.20625,23.0202655284425,97.2,NA,199.7,2010-07-31,NA,8,"1091174","BURNS+LAKE+DECKER+LAKE",1991,2026
"DMC","08-02",2001-08-02,46.3875,23.8558413531501,102,NA,199.7,2010-07-31,NA,8,"1091174","BURNS+LAKE+DECKER+LAKE",1991,2026
"DMC","08-03",2001-08-03,46.53125,25.8646404382508,106.4,NA,199.7,2010-07-31,NA,8,"1091174","BURNS+LAKE+DECKER+LAKE",1991,2026
"DMC","08-04",2001-08-04,47.11875,28.5129027810218,110.8,NA,199.7,2010-07-31,NA,8,"1091174","BURNS+LAKE+DECKER+LAKE",1991,2026
"DMC","08-05",2001-08-05,48.0375,28.7158463802364,115.2,NA,199.7,2010-07-31,NA,8,"1091174","BURNS+LAKE+DECKER+LAKE",1991,2026
"DMC","08-06",2001-08-06,49.46875,30.6700444244869,119.3,NA,199.7,2010-07-31,NA,8,"1091174","BURNS+LAKE+DECKER+LAKE",1991,2026
"DMC","08-07",2001-08-07,53.8823529411765,33.247147157578,123.5,NA,199.7,2010-07-31,NA,8,"1091174","BURNS+LAKE+DECKER+LAKE",1991,2026
"DMC","08-08",2001-08-08,53.9176470588235,33.5703968418255,127,NA,199.7,2010-07-31,NA,8,"1091174","BURNS+LAKE+DECKER+LAKE",1991,2026
"DMC","08-09",2001-08-09,54.8941176470588,35.4342255204667,130.5,NA,199.7,2010-07-31,NA,8,"1091174","BURNS+LAKE+DECKER+LAKE",1991,2026
"DMC","08-10",2001-08-10,56.4058823529412,36.6460173584428,135,NA,199.7,2010-07-31,NA,8,"1091174","BURNS+LAKE+DECKER+LAKE",1991,2026
"DMC","08-11",2001-08-11,57.4411764705882,38.3748462346028,139.9,NA,199.7,2010-07-31,NA,8,"1091174","BURNS+LAKE+DECKER+LAKE",1991,2026
"DMC","08-12",2001-08-12,60.3235294117647,39.1192172948885,142.7,NA,199.7,2010-07-31,NA,8,"1091174","BURNS+LAKE+DECKER+LAKE",1991,2026
"DMC","08-13",2001-08-13,60.7117647058824,37.1792765252523,121.9,NA,199.7,2010-07-31,NA,8,"1091174","BURNS+LAKE+DECKER+LAKE",1991,2026
"DMC","08-14",2001-08-14,60.6470588235294,38.6900038389611,127.1,NA,199.7,2010-07-31,NA,8,"1091174","BURNS+LAKE+DECKER+LAKE",1991,2026
"DMC","08-15",2001-08-15,61.6588235294118,40.4855230116817,132.5,NA,199.7,2010-07-31,NA,8,"1091174","BURNS+LAKE+DECKER+LAKE",1991,2026
"DMC","08-16",2001-08-16,63.9529411764706,41.3871827630104,137.5,NA,199.7,2010-07-31,NA,8,"1091174","BURNS+LAKE+DECKER+LAKE",1991,2026
"DMC","08-17",2001-08-17,66.2235294117647,42.3831412446589,142.4,NA,199.7,2010-07-31,NA,8,"1091174","BURNS+LAKE+DECKER+LAKE",1991,2026
"DMC","08-18",2001-08-18,64.3411764705882,41.4503929237035,146.4,NA,199.7,2010-07-31,NA,8,"1091174","BURNS+LAKE+DECKER+LAKE",1991,2026
"DMC","08-19",2001-08-19,65.1294117647059,42.3736469504615,148.8,NA,199.7,2010-07-31,NA,8,"1091174","BURNS+LAKE+DECKER+LAKE",1991,2026
"DMC","08-20",2001-08-20,66.9294117647059,43.1395086421062,151,NA,199.7,2010-07-31,NA,8,"1091174","BURNS+LAKE+DECKER+LAKE",1991,2026
"DMC","08-21",2001-08-21,60.4235294117647,42.3177493702667,153.1,NA,199.7,2010-07-31,NA,8,"1091174","BURNS+LAKE+DECKER+LAKE",1991,2026
"DMC","08-22",2001-08-22,61.1235294117647,42.9272572122271,154.8,NA,199.7,2010-07-31,NA,8,"1091174","BURNS+LAKE+DECKER+LAKE",1991,2026
"DMC","08-23",2001-08-23,59.2470588235294,40.9234822205885,155.3,NA,199.7,2010-07-31,NA,8,"1091174","BURNS+LAKE+DECKER+LAKE",1991,2026
"DMC","08-24",2001-08-24,53.3411764705882,34.0020046986852,120.8,NA,199.7,2010-07-31,NA,8,"1091174","BURNS+LAKE+DECKER+LAKE",1991,2026
"DMC","08-25",2001-08-25,52.0176470588235,35.2692719533257,122.9,NA,199.7,2010-07-31,NA,8,"1091174","BURNS+LAKE+DECKER+LAKE",1991,2026
"DMC","08-26",2001-08-26,49.3647058823529,35.0041772717284,125.3,NA,199.7,2010-07-31,NA,8,"1091174","BURNS+LAKE+DECKER+LAKE",1991,2026
"DMC","08-27",2001-08-27,48.1705882352941,34.418577191429,127.9,NA,199.7,2010-07-31,NA,8,"1091174","BURNS+LAKE+DECKER+LAKE",1991,2026
"DMC","08-28",2001-08-28,49.2529411764706,34.6818958111984,130.2,NA,199.7,2010-07-31,NA,8,"1091174","BURNS+LAKE+DECKER+LAKE",1991,2026
"DMC","08-29",2001-08-29,46.5764705882353,32.0355960107613,132,NA,199.7,2010-07-31,NA,8,"1091174","BURNS+LAKE+DECKER+LAKE",1991,2026
"DMC","08-30",2001-08-30,39.9882352941177,31.9338551218167,134.1,NA,199.7,2010-07-31,NA,8,"1091174","BURNS+LAKE+DECKER+LAKE",1991,2026
"DMC","08-31",2001-08-31,40.6,32.6496937198498,135.9,NA,199.7,2010-07-31,NA,8,"1091174","BURNS+LAKE+DECKER+LAKE",1991,2026
"DMC","09-01",2001-09-01,40.2176470588235,32.8793863099305,137.9,NA,199.7,2010-07-31,NA,9,"1091174","BURNS+LAKE+DECKER+LAKE",1991,2026
"DMC","09-02",2001-09-02,38.7294117647059,30.7878174913772,140.2,NA,199.7,2010-07-31,NA,9,"1091174","BURNS+LAKE+DECKER+LAKE",1991,2026
"DMC","09-03",2001-09-03,39.5411764705882,31.4211723767496,141.9,NA,199.7,2010-07-31,NA,9,"1091174","BURNS+LAKE+DECKER+LAKE",1991,2026
"DMC","09-04",2001-09-04,40.4470588235294,32.0533172551426,143.8,NA,199.7,2010-07-31,NA,9,"1091174","BURNS+LAKE+DECKER+LAKE",1991,2026
"DMC","09-05",2001-09-05,40.9529411764706,33.0892565201883,145.6,NA,199.7,2010-07-31,NA,9,"1091174","BURNS+LAKE+DECKER+LAKE",1991,2026
"DMC","09-06",2001-09-06,40.9470588235294,34.4400224601963,147.3,NA,199.7,2010-07-31,NA,9,"1091174","BURNS+LAKE+DECKER+LAKE",1991,2026
"DMC","09-07",2001-09-07,38.9647058823529,26.8278759217085,101.2,NA,199.7,2010-07-31,NA,9,"1091174","BURNS+LAKE+DECKER+LAKE",1991,2026
"DMC","09-08",2001-09-08,33.6,22.914187744714,78.6,NA,199.7,2010-07-31,NA,9,"1091174","BURNS+LAKE+DECKER+LAKE",1991,2026
"DMC","09-09",2001-09-09,32.5235294117647,22.900942377219,74.2,NA,199.7,2010-07-31,NA,9,"1091174","BURNS+LAKE+DECKER+LAKE",1991,2026
"DMC","09-10",2001-09-10,31.9588235294118,22.6444821872661,76.5,NA,199.7,2010-07-31,NA,9,"1091174","BURNS+LAKE+DECKER+LAKE",1991,2026
"DMC","09-11",2001-09-11,31.4647058823529,21.4889780229444,79.1,NA,199.7,2010-07-31,NA,9,"1091174","BURNS+LAKE+DECKER+LAKE",1991,2026
"DMC","09-12",2001-09-12,30.7235294117647,22.1463746867226,81.5,NA,199.7,2010-07-31,NA,9,"1091174","BURNS+LAKE+DECKER+LAKE",1991,2026
"DMC","09-13",2001-09-13,32,22.9493191620144,83.7,NA,199.7,2010-07-31,NA,9,"1091174","BURNS+LAKE+DECKER+LAKE",1991,2026
"DMC","09-14",2001-09-14,32.9294117647059,23.5614294108476,85.2,NA,199.7,2010-07-31,NA,9,"1091174","BURNS+LAKE+DECKER+LAKE",1991,2026
"DMC","09-15",2001-09-15,33.5117647058824,24.5105304500163,86.3,NA,199.7,2010-07-31,NA,9,"1091174","BURNS+LAKE+DECKER+LAKE",1991,2026
"DMC","09-16",2001-09-16,33.4764705882353,24.6684649251774,87.5,NA,199.7,2010-07-31,NA,9,"1091174","BURNS+LAKE+DECKER+LAKE",1991,2026
"DMC","09-17",2001-09-17,34.4235294117647,25.4257627567927,88.9,NA,199.7,2010-07-31,NA,9,"1091174","BURNS+LAKE+DECKER+LAKE",1991,2026
"DMC","09-18",2001-09-18,33.5529411764706,25.2896005713579,90.4,NA,199.7,2010-07-31,NA,9,"1091174","BURNS+LAKE+DECKER+LAKE",1991,2026
"DMC","09-19",2001-09-19,34.7941176470588,25.5900241937223,92.6,NA,199.7,2010-07-31,NA,9,"1091174","BURNS+LAKE+DECKER+LAKE",1991,2026
"DMC","09-20",2001-09-20,35.7823529411765,26.0345980210497,95.3,NA,199.7,2010-07-31,NA,9,"1091174","BURNS+LAKE+DECKER+LAKE",1991,2026
"DMC","09-21",2001-09-21,36.1,25.1601371220429,97.7,NA,199.7,2010-07-31,NA,9,"1091174","BURNS+LAKE+DECKER+LAKE",1991,2026
"DMC","09-22",2001-09-22,36.7882352941177,25.2708548122373,100.1,NA,199.7,2010-07-31,NA,9,"1091174","BURNS+LAKE+DECKER+LAKE",1991,2026
"DMC","09-23",2001-09-23,34.8352941176471,22.5345274294934,101.2,NA,199.7,2010-07-31,NA,9,"1091174","BURNS+LAKE+DECKER+LAKE",1991,2026
"DMC","09-24",2001-09-24,33.1588235294118,20.3111133010825,90.2,NA,199.7,2010-07-31,NA,9,"1091174","BURNS+LAKE+DECKER+LAKE",1991,2026
"DMC","09-25",2001-09-25,31.6823529411765,21.7150361297799,91,NA,199.7,2010-07-31,NA,9,"1091174","BURNS+LAKE+DECKER+LAKE",1991,2026
"DMC","09-26",2001-09-26,28.6411764705882,20.4439801293538,92.6,NA,199.7,2010-07-31,NA,9,"1091174","BURNS+LAKE+DECKER+LAKE",1991,2026
"DMC","09-27",2001-09-27,28.8352941176471,20.7933264888182,94.1,NA,199.7,2010-07-31,NA,9,"1091174","BURNS+LAKE+DECKER+LAKE",1991,2026
"DMC","09-28",2001-09-28,27.6529411764706,18.8591528722481,80.9,NA,199.7,2010-07-31,NA,9,"1091174","BURNS+LAKE+DECKER+LAKE",1991,2026
"DMC","09-29",2001-09-29,26.0823529411765,18.1577199592253,82,NA,199.7,2010-07-31,NA,9,"1091174","BURNS+LAKE+DECKER+LAKE",1991,2026
"DMC","09-30",2001-09-30,25.0941176470588,18.6327155357262,82.4,NA,199.7,2010-07-31,NA,9,"1091174","BURNS+LAKE+DECKER+LAKE",1991,2026
"DMC","10-01",2001-10-01,24.5176470588235,16.1286327417313,72,NA,199.7,2010-07-31,NA,10,"1091174","BURNS+LAKE+DECKER+LAKE",1991,2026
"DMC","10-02",2001-10-02,23.0647058823529,16.5471652095031,73.4,NA,199.7,2010-07-31,NA,10,"1091174","BURNS+LAKE+DECKER+LAKE",1991,2026
"DMC","10-03",2001-10-03,22.9882352941177,16.817657474844,74.4,NA,199.7,2010-07-31,NA,10,"1091174","BURNS+LAKE+DECKER+LAKE",1991,2026
"DMC","10-04",2001-10-04,22.4411764705882,16.7589923184364,75.4,NA,199.7,2010-07-31,NA,10,"1091174","BURNS+LAKE+DECKER+LAKE",1991,2026
"DMC","10-05",2001-10-05,21.5647058823529,17.045378449028,76.8,NA,199.7,2010-07-31,NA,10,"1091174","BURNS+LAKE+DECKER+LAKE",1991,2026
"DMC","10-06",2001-10-06,20.6941176470588,17.651787111658,78.1,NA,199.7,2010-07-31,NA,10,"1091174","BURNS+LAKE+DECKER+LAKE",1991,2026
"DMC","10-07",2001-10-07,20.5058823529412,18.2655232127441,79.4,NA,199.7,2010-07-31,NA,10,"1091174","BURNS+LAKE+DECKER+LAKE",1991,2026
"DMC","10-08",2001-10-08,17.7176470588235,17.3576436798791,80.1,NA,199.7,2010-07-31,NA,10,"1091174","BURNS+LAKE+DECKER+LAKE",1991,2026
"DMC","10-09",2001-10-09,15.5705882352941,17.5256870302523,81,NA,199.7,2010-07-31,NA,10,"1091174","BURNS+LAKE+DECKER+LAKE",1991,2026
"DMC","10-10",2001-10-10,14.9529411764706,17.6275039940096,82.3,NA,199.7,2010-07-31,NA,10,"1091174","BURNS+LAKE+DECKER+LAKE",1991,2026
"DMC","10-11",2001-10-11,15.0588235294118,17.5563755806662,83.4,NA,199.7,2010-07-31,NA,10,"1091174","BURNS+LAKE+DECKER+LAKE",1991,2026
"DMC","10-12",2001-10-12,12.7117647058824,9.82133407135591,84.1,NA,199.7,2010-07-31,NA,10,"1091174","BURNS+LAKE+DECKER+LAKE",1991,2026
"DMC","10-13",2001-10-13,11.8529411764706,10.3129237880837,85.4,NA,199.7,2010-07-31,NA,10,"1091174","BURNS+LAKE+DECKER+LAKE",1991,2026
"DMC","10-14",2001-10-14,10.9823529411765,9.17191605487354,86.1,NA,199.7,2010-07-31,NA,10,"1091174","BURNS+LAKE+DECKER+LAKE",1991,2026
"DMC","10-15",2001-10-15,10.7875,9.43185206273579,87.2,NA,199.7,2010-07-31,NA,10,"1091174","BURNS+LAKE+DECKER+LAKE",1991,2026
"DMC","10-16",2001-10-16,10.375,9.62153833854026,88.4,NA,199.7,2010-07-31,NA,10,"1091174","BURNS+LAKE+DECKER+LAKE",1991,2026
"DMC","10-17",2001-10-17,9.75625,10.1911706066248,89.1,NA,199.7,2010-07-31,NA,10,"1091174","BURNS+LAKE+DECKER+LAKE",1991,2026
"DMC","10-18",2001-10-18,9.15625,9.4170036812849,90,NA,199.7,2010-07-31,NA,10,"1091174","BURNS+LAKE+DECKER+LAKE",1991,2026
"DMC","10-19",2001-10-19,8.58125,9.29661004524409,91,NA,199.7,2010-07-31,NA,10,"1091174","BURNS+LAKE+DECKER+LAKE",1991,2026
"DMC","10-20",2001-10-20,7.70625,8.34908927169105,91.7,NA,199.7,2010-07-31,NA,10,"1091174","BURNS+LAKE+DECKER+LAKE",1991,2026
"DMC","10-21",2001-10-21,7.1625,6.85885072977487,92,NA,199.7,2010-07-31,NA,10,"1091174","BURNS+LAKE+DECKER+LAKE",1991,2026
"DMC","10-22",2001-10-22,7.58,6.53793326889862,92.3,NA,199.7,2010-07-31,NA,10,"1091174","BURNS+LAKE+DECKER+LAKE",1991,2026
"DMC","10-23",2001-10-23,8.12142857142857,6.70099631758977,92.3,NA,199.7,2010-07-31,NA,10,"1091174","BURNS+LAKE+DECKER+LAKE",1991,2026
"DMC","10-24",2001-10-24,8.22857142857143,6.89843110050044,92.5,NA,199.7,2010-07-31,NA,10,"1091174","BURNS+LAKE+DECKER+LAKE",1991,2026
"DMC","10-25",2001-10-25,7.93571428571429,7.06231680692099,92.5,NA,199.7,2010-07-31,NA,10,"1091174","BURNS+LAKE+DECKER+LAKE",1991,2026
"DMC","10-26",2001-10-26,7.20769230769231,7.15582065389912,92.9,NA,199.7,2010-07-31,NA,10,"1091174","BURNS+LAKE+DECKER+LAKE",1991,2026
"DMC","10-27",2001-10-27,7.34615384615385,7.2666607856951,56.3,NA,199.7,2010-07-31,NA,10,"1091174","BURNS+LAKE+DECKER+LAKE",1991,2026
"DMC","10-28",2001-10-28,6.29230769230769,6.94471760146534,56.6,NA,199.7,2010-07-31,NA,10,"1091174","BURNS+LAKE+DECKER+LAKE",1991,2026
"DMC","10-29",2001-10-29,6,7.12957986776984,56.8,NA,199.7,2010-07-31,NA,10,"1091174","BURNS+LAKE+DECKER+LAKE",1991,2026
"DMC","10-30",2001-10-30,6.15833333333333,7.36434386799398,57.2,NA,199.7,2010-07-31,NA,10,"1091174","BURNS+LAKE+DECKER+LAKE",1991,2026
"DMC","10-31",2001-10-31,5.40833333333333,7.30534777136627,57.3,NA,199.7,2010-07-31,NA,10,"1091174","BURNS+LAKE+DECKER+LAKE",1991,2026
"FFMC","04-01",2001-04-01,89.3,NA,89.3,NA,95.9,2014-07-14,NA,4,"1091174","BURNS+LAKE+DECKER+LAKE",1991,2026
"FFMC","04-02",2001-04-02,88.7,NA,88.7,NA,95.9,2014-07-14,NA,4,"1091174","BURNS+LAKE+DECKER+LAKE",1991,2026
"FFMC","04-03",2001-04-03,88.7,NA,88.7,NA,95.9,2014-07-14,NA,4,"1091174","BURNS+LAKE+DECKER+LAKE",1991,2026
"FFMC","04-04",2001-04-04,53.6,NA,53.6,NA,95.9,2014-07-14,NA,4,"1091174","BURNS+LAKE+DECKER+LAKE",1991,2026
"FFMC","04-05",2001-04-05,78.15,9.6873629022557,85,NA,95.9,2014-07-14,NA,4,"1091174","BURNS+LAKE+DECKER+LAKE",1991,2026
"FFMC","04-06",2001-04-06,80.7,4.52548339959391,83.9,NA,95.9,2014-07-14,NA,4,"1091174","BURNS+LAKE+DECKER+LAKE",1991,2026
"FFMC","04-07",2001-04-07,84.7,1.97989898732233,86.1,NA,95.9,2014-07-14,NA,4,"1091174","BURNS+LAKE+DECKER+LAKE",1991,2026
"FFMC","04-08",2001-04-08,86.0333333333333,1.45716619962629,87.7,NA,95.9,2014-07-14,NA,4,"1091174","BURNS+LAKE+DECKER+LAKE",1991,2026
"FFMC","04-09",2001-04-09,87,1.58534959341255,88.7,NA,95.9,2014-07-14,NA,4,"1091174","BURNS+LAKE+DECKER+LAKE",1991,2026
"FFMC","04-10",2001-04-10,87.675,0.861684396980708,88.7,88.4,95.9,2014-07-14,NA,4,"1091174","BURNS+LAKE+DECKER+LAKE",1991,2026
"FFMC","04-11",2001-04-11,87.3,1.1460075625114,88.7,88.3,95.9,2014-07-14,NA,4,"1091174","BURNS+LAKE+DECKER+LAKE",1991,2026
"FFMC","04-12",2001-04-12,72.26,21.3652287607692,89.6,88.3,95.9,2014-07-14,NA,4,"1091174","BURNS+LAKE+DECKER+LAKE",1991,2026
"FFMC","04-13",2001-04-13,72.44,18.3964126937835,88.3,88.3,95.9,2014-07-14,NA,4,"1091174","BURNS+LAKE+DECKER+LAKE",1991,2026
"FFMC","04-14",2001-04-14,73.25,18.3825732692678,89,77.7,95.9,2014-07-14,NA,4,"1091174","BURNS+LAKE+DECKER+LAKE",1991,2026
"FFMC","04-15",2001-04-15,81.7,9.91524079384863,90.7,55.6,95.9,2014-07-14,NA,4,"1091174","BURNS+LAKE+DECKER+LAKE",1991,2026
"FFMC","04-16",2001-04-16,79.9333333333333,11.9329236428742,90.8,69.1,95.9,2014-07-14,NA,4,"1091174","BURNS+LAKE+DECKER+LAKE",1991,2026
"FFMC","04-17",2001-04-17,80.8428571428571,8.54924112477381,91.9,80.9,95.9,2014-07-14,NA,4,"1091174","BURNS+LAKE+DECKER+LAKE",1991,2026
"FFMC","04-18",2001-04-18,86.3,2.4738633753706,91.6,86.6,95.9,2014-07-14,NA,4,"1091174","BURNS+LAKE+DECKER+LAKE",1991,2026
"FFMC","04-19",2001-04-19,84.125,8.43965977648727,91.6,86.8,95.9,2014-07-14,NA,4,"1091174","BURNS+LAKE+DECKER+LAKE",1991,2026
"FFMC","04-20",2001-04-20,86.375,5.33445672692436,92,87.1,95.9,2014-07-14,NA,4,"1091174","BURNS+LAKE+DECKER+LAKE",1991,2026
"FFMC","04-21",2001-04-21,83.15,12.618240764861,91.2,90.1,95.9,2014-07-14,NA,4,"1091174","BURNS+LAKE+DECKER+LAKE",1991,2026
"FFMC","04-22",2001-04-22,78.4888888888889,11.9491050338974,90.9,90.1,95.9,2014-07-14,NA,4,"1091174","BURNS+LAKE+DECKER+LAKE",1991,2026
"FFMC","04-23",2001-04-23,81.5833333333333,9.28574991668155,91.2,91.2,95.9,2014-07-14,NA,4,"1091174","BURNS+LAKE+DECKER+LAKE",1991,2026
"FFMC","04-24",2001-04-24,77.7166666666667,18.4098705409173,91.2,91.2,95.9,2014-07-14,NA,4,"1091174","BURNS+LAKE+DECKER+LAKE",1991,2026
"FFMC","04-25",2001-04-25,72.8916666666667,16.7262699386506,91.2,91.2,95.9,2014-07-14,NA,4,"1091174","BURNS+LAKE+DECKER+LAKE",1991,2026
"FFMC","04-26",2001-04-26,71.9692307692307,17.2399915223966,92.2,91.2,95.9,2014-07-14,NA,4,"1091174","BURNS+LAKE+DECKER+LAKE",1991,2026
"FFMC","04-27",2001-04-27,75.6076923076923,12.7334507982231,91.5,91,95.9,2014-07-14,NA,4,"1091174","BURNS+LAKE+DECKER+LAKE",1991,2026
"FFMC","04-28",2001-04-28,76.9692307692308,13.2564062887461,92.1,90.9,95.9,2014-07-14,NA,4,"1091174","BURNS+LAKE+DECKER+LAKE",1991,2026
"FFMC","04-29",2001-04-29,81.0461538461538,9.50619231383903,92.2,90.9,95.9,2014-07-14,NA,4,"1091174","BURNS+LAKE+DECKER+LAKE",1991,2026
"FFMC","04-30",2001-04-30,79.34,17.7649253144665,90.6,88.6,95.9,2014-07-14,NA,4,"1091174","BURNS+LAKE+DECKER+LAKE",1991,2026
"FFMC","05-01",2001-05-01,83.5866666666667,11.4090106411347,91.2,75.9,95.9,2014-07-14,NA,5,"1091174","BURNS+LAKE+DECKER+LAKE",1991,2026
"FFMC","05-02",2001-05-02,85.42,6.90250472137263,93.4,87.9,95.9,2014-07-14,NA,5,"1091174","BURNS+LAKE+DECKER+LAKE",1991,2026
"FFMC","05-03",2001-05-03,83.2,12.9437795319384,92.5,89.4,95.9,2014-07-14,NA,5,"1091174","BURNS+LAKE+DECKER+LAKE",1991,2026
"FFMC","05-04",2001-05-04,84.4,8.93084542470644,92.6,90.7,95.9,2014-07-14,NA,5,"1091174","BURNS+LAKE+DECKER+LAKE",1991,2026
"FFMC","05-05",2001-05-05,80.93125,15.7341547278524,93,92.7,95.9,2014-07-14,NA,5,"1091174","BURNS+LAKE+DECKER+LAKE",1991,2026
"FFMC","05-06",2001-05-06,79.675,16.4841944500381,93.5,92.5,95.9,2014-07-14,NA,5,"1091174","BURNS+LAKE+DECKER+LAKE",1991,2026
"FFMC","05-07",2001-05-07,84.5625,7.88550357724012,93.6,92.5,95.9,2014-07-14,NA,5,"1091174","BURNS+LAKE+DECKER+LAKE",1991,2026
"FFMC","05-08",2001-05-08,87.38125,4.82800424606276,94.2,92.2,95.9,2014-07-14,NA,5,"1091174","BURNS+LAKE+DECKER+LAKE",1991,2026
"FFMC","05-09",2001-05-09,82.15625,20.0988214828631,94.7,90.6,95.9,2014-07-14,NA,5,"1091174","BURNS+LAKE+DECKER+LAKE",1991,2026
"FFMC","05-10",2001-05-10,85.0125,12.5633793224594,94.5,90.3,95.9,2014-07-14,NA,5,"1091174","BURNS+LAKE+DECKER+LAKE",1991,2026
"FFMC","05-11",2001-05-11,82.10625,14.0012603599343,94.4,90.3,95.9,2014-07-14,NA,5,"1091174","BURNS+LAKE+DECKER+LAKE",1991,2026
"FFMC","05-12",2001-05-12,81.8125,16.8043595534016,94.2,90.4,95.9,2014-07-14,NA,5,"1091174","BURNS+LAKE+DECKER+LAKE",1991,2026
"FFMC","05-13",2001-05-13,78.04375,22.328247244242,94.3,90.3,95.9,2014-07-14,NA,5,"1091174","BURNS+LAKE+DECKER+LAKE",1991,2026
"FFMC","05-14",2001-05-14,82.96875,13.2017028573337,94.8,90.3,95.9,2014-07-14,NA,5,"1091174","BURNS+LAKE+DECKER+LAKE",1991,2026
"FFMC","05-15",2001-05-15,82.7,15.4002597380694,94.9,90.3,95.9,2014-07-14,NA,5,"1091174","BURNS+LAKE+DECKER+LAKE",1991,2026
"FFMC","05-16",2001-05-16,80.45625,17.8029199384071,93.7,NA,95.9,2014-07-14,NA,5,"1091174","BURNS+LAKE+DECKER+LAKE",1991,2026
"FFMC","05-17",2001-05-17,72.55,20.7465017131403,93.7,NA,95.9,2014-07-14,NA,5,"1091174","BURNS+LAKE+DECKER+LAKE",1991,2026
"FFMC","05-18",2001-05-18,73.1375,18.2268254687059,93.8,NA,95.9,2014-07-14,NA,5,"1091174","BURNS+LAKE+DECKER+LAKE",1991,2026
"FFMC","05-19",2001-05-19,81.6375,10.2678056727488,93.9,NA,95.9,2014-07-14,NA,5,"1091174","BURNS+LAKE+DECKER+LAKE",1991,2026
"FFMC","05-20",2001-05-20,82.90625,11.7454938167793,93.3,NA,95.9,2014-07-14,NA,5,"1091174","BURNS+LAKE+DECKER+LAKE",1991,2026
"FFMC","05-21",2001-05-21,82.525,11.3058981657068,92.8,NA,95.9,2014-07-14,NA,5,"1091174","BURNS+LAKE+DECKER+LAKE",1991,2026
"FFMC","05-22",2001-05-22,76.6375,17.0304775818726,93.1,NA,95.9,2014-07-14,NA,5,"1091174","BURNS+LAKE+DECKER+LAKE",1991,2026
"FFMC","05-23",2001-05-23,81.1058823529412,15.3042669943808,93,NA,95.9,2014-07-14,NA,5,"1091174","BURNS+LAKE+DECKER+LAKE",1991,2026
"FFMC","05-24",2001-05-24,80.2117647058823,15.0381133438067,92.6,NA,95.9,2014-07-14,NA,5,"1091174","BURNS+LAKE+DECKER+LAKE",1991,2026
"FFMC","05-25",2001-05-25,83.4,8.58246759387998,92.2,NA,95.9,2014-07-14,NA,5,"1091174","BURNS+LAKE+DECKER+LAKE",1991,2026
"FFMC","05-26",2001-05-26,84.3941176470588,10.2584398538615,93.6,NA,95.9,2014-07-14,NA,5,"1091174","BURNS+LAKE+DECKER+LAKE",1991,2026
"FFMC","05-27",2001-05-27,82.6882352941176,16.859191942118,93.6,NA,95.9,2014-07-14,NA,5,"1091174","BURNS+LAKE+DECKER+LAKE",1991,2026
"FFMC","05-28",2001-05-28,80.9176470588235,14.688568484289,94.5,NA,95.9,2014-07-14,NA,5,"1091174","BURNS+LAKE+DECKER+LAKE",1991,2026
"FFMC","05-29",2001-05-29,80.2588235294118,16.9361690924899,94.5,NA,95.9,2014-07-14,NA,5,"1091174","BURNS+LAKE+DECKER+LAKE",1991,2026
"FFMC","05-30",2001-05-30,75.1588235294117,22.2880309477848,93.6,NA,95.9,2014-07-14,NA,5,"1091174","BURNS+LAKE+DECKER+LAKE",1991,2026
"FFMC","05-31",2001-05-31,76.2882352941177,17.3300274939533,92.9,NA,95.9,2014-07-14,NA,5,"1091174","BURNS+LAKE+DECKER+LAKE",1991,2026
"FFMC","06-01",2001-06-01,79.1588235294118,12.1314188588727,90.7,NA,95.9,2014-07-14,NA,6,"1091174","BURNS+LAKE+DECKER+LAKE",1991,2026
"FFMC","06-02",2001-06-02,82.4588235294118,8.14716659516741,91.6,NA,95.9,2014-07-14,NA,6,"1091174","BURNS+LAKE+DECKER+LAKE",1991,2026
"FFMC","06-03",2001-06-03,77.9411764705882,15.8637187799523,91.6,NA,95.9,2014-07-14,NA,6,"1091174","BURNS+LAKE+DECKER+LAKE",1991,2026
"FFMC","06-04",2001-06-04,79.5058823529412,12.9716262756562,90.5,NA,95.9,2014-07-14,NA,6,"1091174","BURNS+LAKE+DECKER+LAKE",1991,2026
"FFMC","06-05",2001-06-05,80,15.4476535434997,92.2,NA,95.9,2014-07-14,NA,6,"1091174","BURNS+LAKE+DECKER+LAKE",1991,2026
"FFMC","06-06",2001-06-06,76.5882352941176,21.4380177008318,92.3,NA,95.9,2014-07-14,NA,6,"1091174","BURNS+LAKE+DECKER+LAKE",1991,2026
"FFMC","06-07",2001-06-07,74.1647058823529,19.5820690038256,94.8,NA,95.9,2014-07-14,NA,6,"1091174","BURNS+LAKE+DECKER+LAKE",1991,2026
"FFMC","06-08",2001-06-08,76.8470588235294,14.8560222488667,95.3,NA,95.9,2014-07-14,NA,6,"1091174","BURNS+LAKE+DECKER+LAKE",1991,2026
"FFMC","06-09",2001-06-09,75.3294117647059,20.962906665879,93.8,NA,95.9,2014-07-14,NA,6,"1091174","BURNS+LAKE+DECKER+LAKE",1991,2026
"FFMC","06-10",2001-06-10,80.6058823529412,12.51106862883,92.8,NA,95.9,2014-07-14,NA,6,"1091174","BURNS+LAKE+DECKER+LAKE",1991,2026
"FFMC","06-11",2001-06-11,77.2705882352941,16.9292559163819,93.1,NA,95.9,2014-07-14,NA,6,"1091174","BURNS+LAKE+DECKER+LAKE",1991,2026
"FFMC","06-12",2001-06-12,80.5294117647059,14.2803520923804,93.2,NA,95.9,2014-07-14,NA,6,"1091174","BURNS+LAKE+DECKER+LAKE",1991,2026
"FFMC","06-13",2001-06-13,83.2117647058823,12.4287410038659,92.4,NA,95.9,2014-07-14,NA,6,"1091174","BURNS+LAKE+DECKER+LAKE",1991,2026
"FFMC","06-14",2001-06-14,80.0294117647059,10.36681995032,92.3,NA,95.9,2014-07-14,NA,6,"1091174","BURNS+LAKE+DECKER+LAKE",1991,2026
"FFMC","06-15",2001-06-15,74.3166666666667,21.5104420607076,92.4,NA,95.9,2014-07-14,NA,6,"1091174","BURNS+LAKE+DECKER+LAKE",1991,2026
"FFMC","06-16",2001-06-16,75.0444444444444,20.1316321836826,93.4,NA,95.9,2014-07-14,NA,6,"1091174","BURNS+LAKE+DECKER+LAKE",1991,2026
"FFMC","06-17",2001-06-17,80.1833333333333,14.7083109759315,93.5,NA,95.9,2014-07-14,NA,6,"1091174","BURNS+LAKE+DECKER+LAKE",1991,2026
"FFMC","06-18",2001-06-18,73.6111111111111,18.5968020302318,93.8,NA,95.9,2014-07-14,NA,6,"1091174","BURNS+LAKE+DECKER+LAKE",1991,2026
"FFMC","06-19",2001-06-19,74.1388888888889,18.8100767390275,94.1,NA,95.9,2014-07-14,NA,6,"1091174","BURNS+LAKE+DECKER+LAKE",1991,2026
"FFMC","06-20",2001-06-20,74.6388888888889,16.7312718439556,94.2,NA,95.9,2014-07-14,NA,6,"1091174","BURNS+LAKE+DECKER+LAKE",1991,2026
"FFMC","06-21",2001-06-21,80.2277777777778,9.40830706503914,93.2,NA,95.9,2014-07-14,NA,6,"1091174","BURNS+LAKE+DECKER+LAKE",1991,2026
"FFMC","06-22",2001-06-22,83.8277777777778,8.65229011204586,91.8,NA,95.9,2014-07-14,NA,6,"1091174","BURNS+LAKE+DECKER+LAKE",1991,2026
"FFMC","06-23",2001-06-23,81.3611111111111,11.0057813090313,91.3,NA,95.9,2014-07-14,NA,6,"1091174","BURNS+LAKE+DECKER+LAKE",1991,2026
"FFMC","06-24",2001-06-24,78.6333333333333,13.3803631358442,93.6,NA,95.9,2014-07-14,NA,6,"1091174","BURNS+LAKE+DECKER+LAKE",1991,2026
"FFMC","06-25",2001-06-25,69.9222222222222,20.9331865862222,93.1,NA,95.9,2014-07-14,NA,6,"1091174","BURNS+LAKE+DECKER+LAKE",1991,2026
"FFMC","06-26",2001-06-26,73.0611111111111,23.1021042812602,93.1,NA,95.9,2014-07-14,NA,6,"1091174","BURNS+LAKE+DECKER+LAKE",1991,2026
"FFMC","06-27",2001-06-27,78.4277777777778,15.8188943450752,93.2,NA,95.9,2014-07-14,NA,6,"1091174","BURNS+LAKE+DECKER+LAKE",1991,2026
"FFMC","06-28",2001-06-28,79.85,17.0322617751275,94.5,NA,95.9,2014-07-14,NA,6,"1091174","BURNS+LAKE+DECKER+LAKE",1991,2026
"FFMC","06-29",2001-06-29,76.6333333333333,15.6019229584048,94.6,NA,95.9,2014-07-14,NA,6,"1091174","BURNS+LAKE+DECKER+LAKE",1991,2026
"FFMC","06-30",2001-06-30,76.2611111111111,15.955900213839,94.2,NA,95.9,2014-07-14,NA,6,"1091174","BURNS+LAKE+DECKER+LAKE",1991,2026
"FFMC","07-01",2001-07-01,74.6823529411765,22.7788343450153,91.6,NA,95.9,2014-07-14,NA,7,"1091174","BURNS+LAKE+DECKER+LAKE",1991,2026
"FFMC","07-02",2001-07-02,73.1529411764706,19.1089022986362,92.4,NA,95.9,2014-07-14,NA,7,"1091174","BURNS+LAKE+DECKER+LAKE",1991,2026
"FFMC","07-03",2001-07-03,68.9294117647059,21.4504884765441,93.2,NA,95.9,2014-07-14,NA,7,"1091174","BURNS+LAKE+DECKER+LAKE",1991,2026
"FFMC","07-04",2001-07-04,71.7294117647059,20.6335214125547,93.3,NA,95.9,2014-07-14,NA,7,"1091174","BURNS+LAKE+DECKER+LAKE",1991,2026
"FFMC","07-05",2001-07-05,74.2058823529412,19.4006272639648,93.4,NA,95.9,2014-07-14,NA,7,"1091174","BURNS+LAKE+DECKER+LAKE",1991,2026
"FFMC","07-06",2001-07-06,75.9941176470588,16.9664916301307,94,NA,95.9,2014-07-14,NA,7,"1091174","BURNS+LAKE+DECKER+LAKE",1991,2026
"FFMC","07-07",2001-07-07,82.1941176470588,11.161735449082,94.1,NA,95.9,2014-07-14,NA,7,"1091174","BURNS+LAKE+DECKER+LAKE",1991,2026
"FFMC","07-08",2001-07-08,83.4235294117647,11.1477312384496,94.8,NA,95.9,2014-07-14,NA,7,"1091174","BURNS+LAKE+DECKER+LAKE",1991,2026
"FFMC","07-09",2001-07-09,84.6647058823529,9.75153457003503,94.5,NA,95.9,2014-07-14,NA,7,"1091174","BURNS+LAKE+DECKER+LAKE",1991,2026
"FFMC","07-10",2001-07-10,81.8352941176471,14.7934927069502,94.3,NA,95.9,2014-07-14,NA,7,"1091174","BURNS+LAKE+DECKER+LAKE",1991,2026
"FFMC","07-11",2001-07-11,78,17.9478410957976,94.3,NA,95.9,2014-07-14,NA,7,"1091174","BURNS+LAKE+DECKER+LAKE",1991,2026
"FFMC","07-12",2001-07-12,81.0647058823529,10.4607564960947,95.7,NA,95.9,2014-07-14,NA,7,"1091174","BURNS+LAKE+DECKER+LAKE",1991,2026
"FFMC","07-13",2001-07-13,76.9705882352941,17.2965952106868,95.8,NA,95.9,2014-07-14,NA,7,"1091174","BURNS+LAKE+DECKER+LAKE",1991,2026
"FFMC","07-14",2001-07-14,75.4823529411765,18.8079848499952,95.9,NA,95.9,2014-07-14,NA,7,"1091174","BURNS+LAKE+DECKER+LAKE",1991,2026
"FFMC","07-15",2001-07-15,75.0294117647059,18.7419904461173,95.9,NA,95.9,2014-07-14,NA,7,"1091174","BURNS+LAKE+DECKER+LAKE",1991,2026
"FFMC","07-16",2001-07-16,78.4647058823529,18.9462377919889,94.4,NA,95.9,2014-07-14,NA,7,"1091174","BURNS+LAKE+DECKER+LAKE",1991,2026
"FFMC","07-17",2001-07-17,77.0764705882353,20.1446497056838,94.5,NA,95.9,2014-07-14,NA,7,"1091174","BURNS+LAKE+DECKER+LAKE",1991,2026
"FFMC","07-18",2001-07-18,77.1588235294118,18.4248493488932,94.1,NA,95.9,2014-07-14,NA,7,"1091174","BURNS+LAKE+DECKER+LAKE",1991,2026
"FFMC","07-19",2001-07-19,77.2705882352941,18.535026460255,92.8,NA,95.9,2014-07-14,NA,7,"1091174","BURNS+LAKE+DECKER+LAKE",1991,2026
"FFMC","07-20",2001-07-20,77.9352941176471,16.1441530118674,92.6,NA,95.9,2014-07-14,NA,7,"1091174","BURNS+LAKE+DECKER+LAKE",1991,2026
"FFMC","07-21",2001-07-21,72.064705882353,20.4562625244835,92.6,NA,95.9,2014-07-14,NA,7,"1091174","BURNS+LAKE+DECKER+LAKE",1991,2026
"FFMC","07-22",2001-07-22,75.5705882352941,15.7095816584132,91.5,NA,95.9,2014-07-14,NA,7,"1091174","BURNS+LAKE+DECKER+LAKE",1991,2026
"FFMC","07-23",2001-07-23,80.7764705882353,10.9871817025435,90.9,NA,95.9,2014-07-14,NA,7,"1091174","BURNS+LAKE+DECKER+LAKE",1991,2026
"FFMC","07-24",2001-07-24,81.0294117647059,13.6868442631,92.2,NA,95.9,2014-07-14,NA,7,"1091174","BURNS+LAKE+DECKER+LAKE",1991,2026
"FFMC","07-25",2001-07-25,81.3470588235294,11.7609054523376,90.7,NA,95.9,2014-07-14,NA,7,"1091174","BURNS+LAKE+DECKER+LAKE",1991,2026
"FFMC","07-26",2001-07-26,81.4529411764706,13.6426774153325,92.9,NA,95.9,2014-07-14,NA,7,"1091174","BURNS+LAKE+DECKER+LAKE",1991,2026
"FFMC","07-27",2001-07-27,81.9117647058824,11.2250212891191,93.3,NA,95.9,2014-07-14,NA,7,"1091174","BURNS+LAKE+DECKER+LAKE",1991,2026
"FFMC","07-28",2001-07-28,81.5647058823529,16.3907344701386,94.1,NA,95.9,2014-07-14,NA,7,"1091174","BURNS+LAKE+DECKER+LAKE",1991,2026
"FFMC","07-29",2001-07-29,84.5235294117647,10.2736635026025,94.2,NA,95.9,2014-07-14,NA,7,"1091174","BURNS+LAKE+DECKER+LAKE",1991,2026
"FFMC","07-30",2001-07-30,80.8882352941176,14.6968058754675,94.3,NA,95.9,2014-07-14,NA,7,"1091174","BURNS+LAKE+DECKER+LAKE",1991,2026
"FFMC","07-31",2001-07-31,82.8529411764706,13.6284223980189,93.9,NA,95.9,2014-07-14,NA,7,"1091174","BURNS+LAKE+DECKER+LAKE",1991,2026
"FFMC","08-01",2001-08-01,84.9588235294118,8.38250103068361,94.6,NA,95.9,2014-07-14,NA,8,"1091174","BURNS+LAKE+DECKER+LAKE",1991,2026
"FFMC","08-02",2001-08-02,87.935294117647,4.28965924877352,93.8,NA,95.9,2014-07-14,NA,8,"1091174","BURNS+LAKE+DECKER+LAKE",1991,2026
"FFMC","08-03",2001-08-03,83.5117647058824,15.0131143651534,93.9,NA,95.9,2014-07-14,NA,8,"1091174","BURNS+LAKE+DECKER+LAKE",1991,2026
"FFMC","08-04",2001-08-04,80.8470588235294,18.2925229823232,93.7,NA,95.9,2014-07-14,NA,8,"1091174","BURNS+LAKE+DECKER+LAKE",1991,2026
"FFMC","08-05",2001-08-05,82.4411764705882,16.0987988225647,93.8,NA,95.9,2014-07-14,NA,8,"1091174","BURNS+LAKE+DECKER+LAKE",1991,2026
"FFMC","08-06",2001-08-06,83.7529411764706,10.5437254829033,94.2,NA,95.9,2014-07-14,NA,8,"1091174","BURNS+LAKE+DECKER+LAKE",1991,2026
"FFMC","08-07",2001-08-07,82.6823529411765,9.19723024163509,93.4,NA,95.9,2014-07-14,NA,8,"1091174","BURNS+LAKE+DECKER+LAKE",1991,2026
"FFMC","08-08",2001-08-08,82.4647058823529,12.5502958718346,93.6,NA,95.9,2014-07-14,NA,8,"1091174","BURNS+LAKE+DECKER+LAKE",1991,2026
"FFMC","08-09",2001-08-09,81.4882352941176,13.6951580108145,93.7,NA,95.9,2014-07-14,NA,8,"1091174","BURNS+LAKE+DECKER+LAKE",1991,2026
"FFMC","08-10",2001-08-10,84.1176470588235,9.98080879075674,92.9,NA,95.9,2014-07-14,NA,8,"1091174","BURNS+LAKE+DECKER+LAKE",1991,2026
"FFMC","08-11",2001-08-11,82.7823529411765,15.1643593375272,93,NA,95.9,2014-07-14,NA,8,"1091174","BURNS+LAKE+DECKER+LAKE",1991,2026
"FFMC","08-12",2001-08-12,85.8470588235294,9.30659159192147,94.6,NA,95.9,2014-07-14,NA,8,"1091174","BURNS+LAKE+DECKER+LAKE",1991,2026
"FFMC","08-13",2001-08-13,84.4117647058823,9.95771574916539,94.6,NA,95.9,2014-07-14,NA,8,"1091174","BURNS+LAKE+DECKER+LAKE",1991,2026
"FFMC","08-14",2001-08-14,80.2529411764706,17.1123901620675,94.5,NA,95.9,2014-07-14,NA,8,"1091174","BURNS+LAKE+DECKER+LAKE",1991,2026
"FFMC","08-15",2001-08-15,82.5823529411765,13.3735856866305,94.8,NA,95.9,2014-07-14,NA,8,"1091174","BURNS+LAKE+DECKER+LAKE",1991,2026
"FFMC","08-16",2001-08-16,85.1176470588235,10.1307227835751,94.9,NA,95.9,2014-07-14,NA,8,"1091174","BURNS+LAKE+DECKER+LAKE",1991,2026
"FFMC","08-17",2001-08-17,86.2470588235294,7.17043562545704,95,NA,95.9,2014-07-14,NA,8,"1091174","BURNS+LAKE+DECKER+LAKE",1991,2026
"FFMC","08-18",2001-08-18,83.0941176470588,11.5680308711247,93.8,NA,95.9,2014-07-14,NA,8,"1091174","BURNS+LAKE+DECKER+LAKE",1991,2026
"FFMC","08-19",2001-08-19,83.0764705882353,10.6466854825671,92.6,NA,95.9,2014-07-14,NA,8,"1091174","BURNS+LAKE+DECKER+LAKE",1991,2026
"FFMC","08-20",2001-08-20,83.8882352941176,9.83697631089841,92.8,NA,95.9,2014-07-14,NA,8,"1091174","BURNS+LAKE+DECKER+LAKE",1991,2026
"FFMC","08-21",2001-08-21,70.9,22.7696343844165,91.4,NA,95.9,2014-07-14,NA,8,"1091174","BURNS+LAKE+DECKER+LAKE",1991,2026
"FFMC","08-22",2001-08-22,76.5117647058824,19.1212539583882,92.2,NA,95.9,2014-07-14,NA,8,"1091174","BURNS+LAKE+DECKER+LAKE",1991,2026
"FFMC","08-23",2001-08-23,77.8882352941176,12.876183554966,91.2,NA,95.9,2014-07-14,NA,8,"1091174","BURNS+LAKE+DECKER+LAKE",1991,2026
"FFMC","08-24",2001-08-24,74.4588235294118,22.1154091874741,92.5,NA,95.9,2014-07-14,NA,8,"1091174","BURNS+LAKE+DECKER+LAKE",1991,2026
"FFMC","08-25",2001-08-25,74.6,20.5447681904664,92.6,NA,95.9,2014-07-14,NA,8,"1091174","BURNS+LAKE+DECKER+LAKE",1991,2026
"FFMC","08-26",2001-08-26,74.6117647058824,19.8969810006739,92.7,NA,95.9,2014-07-14,NA,8,"1091174","BURNS+LAKE+DECKER+LAKE",1991,2026
"FFMC","08-27",2001-08-27,75.5470588235294,18.3519112644657,92.8,NA,95.9,2014-07-14,NA,8,"1091174","BURNS+LAKE+DECKER+LAKE",1991,2026
"FFMC","08-28",2001-08-28,79.5705882352941,16.9350141978787,92.9,NA,95.9,2014-07-14,NA,8,"1091174","BURNS+LAKE+DECKER+LAKE",1991,2026
"FFMC","08-29",2001-08-29,75.5235294117647,19.0752303200959,93,NA,95.9,2014-07-14,NA,8,"1091174","BURNS+LAKE+DECKER+LAKE",1991,2026
"FFMC","08-30",2001-08-30,67.2882352941176,21.9760631811336,93.1,NA,95.9,2014-07-14,NA,8,"1091174","BURNS+LAKE+DECKER+LAKE",1991,2026
"FFMC","08-31",2001-08-31,74.7411764705882,16.5028428923447,93,NA,95.9,2014-07-14,NA,8,"1091174","BURNS+LAKE+DECKER+LAKE",1991,2026
"FFMC","09-01",2001-09-01,77.5764705882353,14.8390333837722,90.6,NA,95.9,2014-07-14,NA,9,"1091174","BURNS+LAKE+DECKER+LAKE",1991,2026
"FFMC","09-02",2001-09-02,76.8294117647059,15.3052999278797,91.1,NA,95.9,2014-07-14,NA,9,"1091174","BURNS+LAKE+DECKER+LAKE",1991,2026
"FFMC","09-03",2001-09-03,77.8764705882353,17.776759034332,90.6,NA,95.9,2014-07-14,NA,9,"1091174","BURNS+LAKE+DECKER+LAKE",1991,2026
"FFMC","09-04",2001-09-04,79.4588235294118,14.1105483071854,90.3,NA,95.9,2014-07-14,NA,9,"1091174","BURNS+LAKE+DECKER+LAKE",1991,2026
"FFMC","09-05",2001-09-05,78.0352941176471,19.1906533622644,91.3,NA,95.9,2014-07-14,NA,9,"1091174","BURNS+LAKE+DECKER+LAKE",1991,2026
"FFMC","09-06",2001-09-06,74.6705882352941,20.5160536137522,91.3,NA,95.9,2014-07-14,NA,9,"1091174","BURNS+LAKE+DECKER+LAKE",1991,2026
"FFMC","09-07",2001-09-07,75.7235294117647,17.9575377422604,91.4,NA,95.9,2014-07-14,NA,9,"1091174","BURNS+LAKE+DECKER+LAKE",1991,2026
"FFMC","09-08",2001-09-08,67.2352941176471,23.9967690839952,91.9,NA,95.9,2014-07-14,NA,9,"1091174","BURNS+LAKE+DECKER+LAKE",1991,2026
"FFMC","09-09",2001-09-09,69.1294117647059,22.6633174068218,89.7,NA,95.9,2014-07-14,NA,9,"1091174","BURNS+LAKE+DECKER+LAKE",1991,2026
"FFMC","09-10",2001-09-10,73.9411764705882,18.8822687601202,90.7,NA,95.9,2014-07-14,NA,9,"1091174","BURNS+LAKE+DECKER+LAKE",1991,2026
"FFMC","09-11",2001-09-11,76.2647058823529,15.938512366924,91.2,NA,95.9,2014-07-14,NA,9,"1091174","BURNS+LAKE+DECKER+LAKE",1991,2026
"FFMC","09-12",2001-09-12,75.3058823529412,19.0410238231901,92.1,NA,95.9,2014-07-14,NA,9,"1091174","BURNS+LAKE+DECKER+LAKE",1991,2026
"FFMC","09-13",2001-09-13,78.2823529411765,16.1766125662219,92.2,NA,95.9,2014-07-14,NA,9,"1091174","BURNS+LAKE+DECKER+LAKE",1991,2026
"FFMC","09-14",2001-09-14,80.1235294117647,13.2140327593322,92.3,NA,95.9,2014-07-14,NA,9,"1091174","BURNS+LAKE+DECKER+LAKE",1991,2026
"FFMC","09-15",2001-09-15,77.5058823529412,19.2866686660837,92.4,NA,95.9,2014-07-14,NA,9,"1091174","BURNS+LAKE+DECKER+LAKE",1991,2026
"FFMC","09-16",2001-09-16,78.3764705882353,17.1437499329845,90.8,NA,95.9,2014-07-14,NA,9,"1091174","BURNS+LAKE+DECKER+LAKE",1991,2026
"FFMC","09-17",2001-09-17,79.9882352941176,17.8807467109508,91.4,NA,95.9,2014-07-14,NA,9,"1091174","BURNS+LAKE+DECKER+LAKE",1991,2026
"FFMC","09-18",2001-09-18,74.7117647058824,20.0335619134785,90.9,NA,95.9,2014-07-14,NA,9,"1091174","BURNS+LAKE+DECKER+LAKE",1991,2026
"FFMC","09-19",2001-09-19,80.1235294117647,10.9825730939842,90.9,NA,95.9,2014-07-14,NA,9,"1091174","BURNS+LAKE+DECKER+LAKE",1991,2026
"FFMC","09-20",2001-09-20,81.8647058823529,8.03297432278905,91.1,NA,95.9,2014-07-14,NA,9,"1091174","BURNS+LAKE+DECKER+LAKE",1991,2026
"FFMC","09-21",2001-09-21,82.0823529411765,9.72093329457862,91.1,NA,95.9,2014-07-14,NA,9,"1091174","BURNS+LAKE+DECKER+LAKE",1991,2026
"FFMC","09-22",2001-09-22,82.6529411764706,8.88264583662005,91.8,NA,95.9,2014-07-14,NA,9,"1091174","BURNS+LAKE+DECKER+LAKE",1991,2026
"FFMC","09-23",2001-09-23,80.3705882352941,12.7295308586905,91.8,NA,95.9,2014-07-14,NA,9,"1091174","BURNS+LAKE+DECKER+LAKE",1991,2026
"FFMC","09-24",2001-09-24,73.7235294117647,15.6724491310295,91.4,NA,95.9,2014-07-14,NA,9,"1091174","BURNS+LAKE+DECKER+LAKE",1991,2026
"FFMC","09-25",2001-09-25,70.2823529411765,19.6786443668675,91.2,NA,95.9,2014-07-14,NA,9,"1091174","BURNS+LAKE+DECKER+LAKE",1991,2026
"FFMC","09-26",2001-09-26,68.6470588235294,19.0443927983757,86.1,NA,95.9,2014-07-14,NA,9,"1091174","BURNS+LAKE+DECKER+LAKE",1991,2026
"FFMC","09-27",2001-09-27,75.3294117647059,11.9054485796358,86.8,NA,95.9,2014-07-14,NA,9,"1091174","BURNS+LAKE+DECKER+LAKE",1991,2026
"FFMC","09-28",2001-09-28,73.0235294117647,18.1336885868459,87,NA,95.9,2014-07-14,NA,9,"1091174","BURNS+LAKE+DECKER+LAKE",1991,2026
"FFMC","09-29",2001-09-29,70.3882352941176,20.781117701923,88.1,NA,95.9,2014-07-14,NA,9,"1091174","BURNS+LAKE+DECKER+LAKE",1991,2026
"FFMC","09-30",2001-09-30,69.7294117647059,22.4653835017868,88.1,NA,95.9,2014-07-14,NA,9,"1091174","BURNS+LAKE+DECKER+LAKE",1991,2026
"FFMC","10-01",2001-10-01,72.5588235294118,19.8714323472016,89.5,NA,95.9,2014-07-14,NA,10,"1091174","BURNS+LAKE+DECKER+LAKE",1991,2026
"FFMC","10-02",2001-10-02,66.435294117647,22.2433962440673,88.7,NA,95.9,2014-07-14,NA,10,"1091174","BURNS+LAKE+DECKER+LAKE",1991,2026
"FFMC","10-03",2001-10-03,69.4529411764706,19.886651227867,88.4,NA,95.9,2014-07-14,NA,10,"1091174","BURNS+LAKE+DECKER+LAKE",1991,2026
"FFMC","10-04",2001-10-04,73.7294117647059,16.6565964675366,88.4,NA,95.9,2014-07-14,NA,10,"1091174","BURNS+LAKE+DECKER+LAKE",1991,2026
"FFMC","10-05",2001-10-05,70.4176470588235,22.9017530795712,88.5,NA,95.9,2014-07-14,NA,10,"1091174","BURNS+LAKE+DECKER+LAKE",1991,2026
"FFMC","10-06",2001-10-06,68.2235294117647,23.2570830450576,89.1,NA,95.9,2014-07-14,NA,10,"1091174","BURNS+LAKE+DECKER+LAKE",1991,2026
"FFMC","10-07",2001-10-07,68.2470588235294,21.5556001321889,89.1,NA,95.9,2014-07-14,NA,10,"1091174","BURNS+LAKE+DECKER+LAKE",1991,2026
"FFMC","10-08",2001-10-08,58.2588235294118,23.1523502808983,87.3,NA,95.9,2014-07-14,NA,10,"1091174","BURNS+LAKE+DECKER+LAKE",1991,2026
"FFMC","10-09",2001-10-09,53.0647058823529,26.9532451936791,87.4,NA,95.9,2014-07-14,NA,10,"1091174","BURNS+LAKE+DECKER+LAKE",1991,2026
"FFMC","10-10",2001-10-10,57.9176470588235,26.2324521178949,88.1,NA,95.9,2014-07-14,NA,10,"1091174","BURNS+LAKE+DECKER+LAKE",1991,2026
"FFMC","10-11",2001-10-11,64.4588235294118,17.4226884701935,88.1,NA,95.9,2014-07-14,NA,10,"1091174","BURNS+LAKE+DECKER+LAKE",1991,2026
"FFMC","10-12",2001-10-12,62.3705882352941,21.2891041587558,86.8,NA,95.9,2014-07-14,NA,10,"1091174","BURNS+LAKE+DECKER+LAKE",1991,2026
"FFMC","10-13",2001-10-13,59.4352941176471,24.4704909323575,87,NA,95.9,2014-07-14,NA,10,"1091174","BURNS+LAKE+DECKER+LAKE",1991,2026
"FFMC","10-14",2001-10-14,62.3941176470588,22.5575228745378,87.3,NA,95.9,2014-07-14,NA,10,"1091174","BURNS+LAKE+DECKER+LAKE",1991,2026
"FFMC","10-15",2001-10-15,62.70625,20.8602482807212,87.3,NA,95.9,2014-07-14,NA,10,"1091174","BURNS+LAKE+DECKER+LAKE",1991,2026
"FFMC","10-16",2001-10-16,61.35625,21.3240386653185,86.7,NA,95.9,2014-07-14,NA,10,"1091174","BURNS+LAKE+DECKER+LAKE",1991,2026
"FFMC","10-17",2001-10-17,59.75,23.4574224216274,86.8,NA,95.9,2014-07-14,NA,10,"1091174","BURNS+LAKE+DECKER+LAKE",1991,2026
"FFMC","10-18",2001-10-18,61.29375,22.1718280331896,86.6,NA,95.9,2014-07-14,NA,10,"1091174","BURNS+LAKE+DECKER+LAKE",1991,2026
"FFMC","10-19",2001-10-19,61.90625,20.3166095842786,86.4,NA,95.9,2014-07-14,NA,10,"1091174","BURNS+LAKE+DECKER+LAKE",1991,2026
"FFMC","10-20",2001-10-20,56.475,20.8278179365962,86.5,NA,95.9,2014-07-14,NA,10,"1091174","BURNS+LAKE+DECKER+LAKE",1991,2026
"FFMC","10-21",2001-10-21,57.1625,19.0429295715409,85.4,NA,95.9,2014-07-14,NA,10,"1091174","BURNS+LAKE+DECKER+LAKE",1991,2026
"FFMC","10-22",2001-10-22,64.3866666666667,15.0379456550358,84.9,NA,95.9,2014-07-14,NA,10,"1091174","BURNS+LAKE+DECKER+LAKE",1991,2026
"FFMC","10-23",2001-10-23,66.7285714285714,15.5528097175363,85.2,NA,95.9,2014-07-14,NA,10,"1091174","BURNS+LAKE+DECKER+LAKE",1991,2026
"FFMC","10-24",2001-10-24,65.8357142857143,19.9830546345516,85.3,NA,95.9,2014-07-14,NA,10,"1091174","BURNS+LAKE+DECKER+LAKE",1991,2026
"FFMC","10-25",2001-10-25,62.8357142857143,22.7518589990376,83.7,NA,95.9,2014-07-14,NA,10,"1091174","BURNS+LAKE+DECKER+LAKE",1991,2026
"FFMC","10-26",2001-10-26,61.5307692307692,18.3257280262561,83.3,NA,95.9,2014-07-14,NA,10,"1091174","BURNS+LAKE+DECKER+LAKE",1991,2026
"FFMC","10-27",2001-10-27,63.8769230769231,19.6565575930847,82.2,NA,95.9,2014-07-14,NA,10,"1091174","BURNS+LAKE+DECKER+LAKE",1991,2026
"FFMC","10-28",2001-10-28,53.0615384615385,24.4300545251656,83.8,NA,95.9,2014-07-14,NA,10,"1091174","BURNS+LAKE+DECKER+LAKE",1991,2026
"FFMC","10-29",2001-10-29,48.7,26.6504647750705,83.8,NA,95.9,2014-07-14,NA,10,"1091174","BURNS+LAKE+DECKER+LAKE",1991,2026
"FFMC","10-30",2001-10-30,55.4166666666667,23.03940629496,85.6,NA,95.9,2014-07-14,NA,10,"1091174","BURNS+LAKE+DECKER+LAKE",1991,2026
"FFMC","10-31",2001-10-31,51.85,24.7726572142462,86.6,NA,95.9,2014-07-14,NA,10,"1091174","BURNS+LAKE+DECKER+LAKE",1991,2026
"FWI","04-01",2001-04-01,7.5,NA,7.5,NA,59.1,2014-07-17,NA,4,"1091174","BURNS+LAKE+DECKER+LAKE",1991,2026
"FWI","04-02",2001-04-02,11,NA,11,NA,59.1,2014-07-17,NA,4,"1091174","BURNS+LAKE+DECKER+LAKE",1991,2026
"FWI","04-03",2001-04-03,8.5,NA,8.5,NA,59.1,2014-07-17,NA,4,"1091174","BURNS+LAKE+DECKER+LAKE",1991,2026
"FWI","04-04",2001-04-04,0.3,NA,0.3,NA,59.1,2014-07-17,NA,4,"1091174","BURNS+LAKE+DECKER+LAKE",1991,2026
"FWI","04-05",2001-04-05,2.2,NA,2.2,NA,59.1,2014-07-17,NA,4,"1091174","BURNS+LAKE+DECKER+LAKE",1991,2026
"FWI","04-06",2001-04-06,3.6,2.40416305603426,5.3,NA,59.1,2014-07-17,NA,4,"1091174","BURNS+LAKE+DECKER+LAKE",1991,2026
"FWI","04-07",2001-04-07,4.6,1.5556349186104,5.7,NA,59.1,2014-07-17,NA,4,"1091174","BURNS+LAKE+DECKER+LAKE",1991,2026
"FWI","04-08",2001-04-08,7.35,4.45477272147525,10.5,NA,59.1,2014-07-17,NA,4,"1091174","BURNS+LAKE+DECKER+LAKE",1991,2026
"FWI","04-09",2001-04-09,7.1,1.4422205101856,8.3,NA,59.1,2014-07-17,NA,4,"1091174","BURNS+LAKE+DECKER+LAKE",1991,2026
"FWI","04-10",2001-04-10,8.325,1.09962114688045,9.6,4.4,59.1,2014-07-17,NA,4,"1091174","BURNS+LAKE+DECKER+LAKE",1991,2026
"FWI","04-11",2001-04-11,8.83333333333333,2.58134331953991,11.8,6.1,59.1,2014-07-17,NA,4,"1091174","BURNS+LAKE+DECKER+LAKE",1991,2026
"FWI","04-12",2001-04-12,6.76666666666667,5.88245980295092,12,5.7,59.1,2014-07-17,NA,4,"1091174","BURNS+LAKE+DECKER+LAKE",1991,2026
"FWI","04-13",2001-04-13,4.225,2.70354705279318,7.7,7.7,59.1,2014-07-17,NA,4,"1091174","BURNS+LAKE+DECKER+LAKE",1991,2026
"FWI","04-14",2001-04-14,3.9,3.65695684050733,8.6,1.5,59.1,2014-07-17,NA,4,"1091174","BURNS+LAKE+DECKER+LAKE",1991,2026
"FWI","04-15",2001-04-15,7.52,4.12637855752475,11.2,0.2,59.1,2014-07-17,NA,4,"1091174","BURNS+LAKE+DECKER+LAKE",1991,2026
"FWI","04-16",2001-04-16,5.43333333333333,4.27909647784046,12.3,NA,59.1,2014-07-17,NA,4,"1091174","BURNS+LAKE+DECKER+LAKE",1991,2026
"FWI","04-17",2001-04-17,5.63333333333333,6.20795188984795,16.8,2.2,59.1,2014-07-17,NA,4,"1091174","BURNS+LAKE+DECKER+LAKE",1991,2026
"FWI","04-18",2001-04-18,8.88571428571429,4.9539306183503,19.2,6.2,59.1,2014-07-17,NA,4,"1091174","BURNS+LAKE+DECKER+LAKE",1991,2026
"FWI","04-19",2001-04-19,9.02857142857143,6.48503772430927,21,7.1,59.1,2014-07-17,NA,4,"1091174","BURNS+LAKE+DECKER+LAKE",1991,2026
"FWI","04-20",2001-04-20,8.625,4.30008305567628,21.8,7.4,59.1,2014-07-17,NA,4,"1091174","BURNS+LAKE+DECKER+LAKE",1991,2026
"FWI","04-21",2001-04-21,8.4125,6.16729565646773,23.7,12.7,59.1,2014-07-17,NA,4,"1091174","BURNS+LAKE+DECKER+LAKE",1991,2026
"FWI","04-22",2001-04-22,5.6,4.2745091614627,16.3,13.3,59.1,2014-07-17,NA,4,"1091174","BURNS+LAKE+DECKER+LAKE",1991,2026
"FWI","04-23",2001-04-23,6.04444444444444,4.04756442540175,18.2,12.4,59.1,2014-07-17,NA,4,"1091174","BURNS+LAKE+DECKER+LAKE",1991,2026
"FWI","04-24",2001-04-24,6.9,5.25858605261217,20.9,11.2,59.1,2014-07-17,NA,4,"1091174","BURNS+LAKE+DECKER+LAKE",1991,2026
"FWI","04-25",2001-04-25,6.05,7.25139485014623,19.9,10.6,59.1,2014-07-17,NA,4,"1091174","BURNS+LAKE+DECKER+LAKE",1991,2026
"FWI","04-26",2001-04-26,4.41666666666667,5.35670070325405,28.7,14.7,59.1,2014-07-17,NA,4,"1091174","BURNS+LAKE+DECKER+LAKE",1991,2026
"FWI","04-27",2001-04-27,4.90833333333333,5.65773136888137,19.2,17.5,59.1,2014-07-17,NA,4,"1091174","BURNS+LAKE+DECKER+LAKE",1991,2026
"FWI","04-28",2001-04-28,5.72307692307692,5.84382207209087,19.1,19.1,59.1,2014-07-17,NA,4,"1091174","BURNS+LAKE+DECKER+LAKE",1991,2026
"FWI","04-29",2001-04-29,6.52307692307692,5.63858047238751,20.4,14.8,59.1,2014-07-17,NA,4,"1091174","BURNS+LAKE+DECKER+LAKE",1991,2026
"FWI","04-30",2001-04-30,7.23846153846154,5.01373753826066,15.4,15.4,59.1,2014-07-17,NA,4,"1091174","BURNS+LAKE+DECKER+LAKE",1991,2026
"FWI","05-01",2001-05-01,8.3,6.34417618202485,23.4,2.1,59.1,2014-07-17,NA,5,"1091174","BURNS+LAKE+DECKER+LAKE",1991,2026
"FWI","05-02",2001-05-02,11.2266666666667,7.55186511178971,25.2,14.1,59.1,2014-07-17,NA,5,"1091174","BURNS+LAKE+DECKER+LAKE",1991,2026
"FWI","05-03",2001-05-03,10.2866666666667,6.71659636026065,25.2,18.8,59.1,2014-07-17,NA,5,"1091174","BURNS+LAKE+DECKER+LAKE",1991,2026
"FWI","05-04",2001-05-04,10.5666666666667,7.00853221505928,24.4,12.4,59.1,2014-07-17,NA,5,"1091174","BURNS+LAKE+DECKER+LAKE",1991,2026
"FWI","05-05",2001-05-05,9.57142857142857,7.69489626774972,22,18.9,59.1,2014-07-17,NA,5,"1091174","BURNS+LAKE+DECKER+LAKE",1991,2026
"FWI","05-06",2001-05-06,10.39375,9.87032378732667,35.5,29.5,59.1,2014-07-17,NA,5,"1091174","BURNS+LAKE+DECKER+LAKE",1991,2026
"FWI","05-07",2001-05-07,11.7428571428571,8.59836427071266,28.2,23.8,59.1,2014-07-17,NA,5,"1091174","BURNS+LAKE+DECKER+LAKE",1991,2026
"FWI","05-08",2001-05-08,12.88,8.20820147343932,30.2,19.8,59.1,2014-07-17,NA,5,"1091174","BURNS+LAKE+DECKER+LAKE",1991,2026
"FWI","05-09",2001-05-09,13.325,8.17944578399621,26,21.6,59.1,2014-07-17,NA,5,"1091174","BURNS+LAKE+DECKER+LAKE",1991,2026
"FWI","05-10",2001-05-10,12.8266666666667,7.69725987113658,26.3,22.7,59.1,2014-07-17,NA,5,"1091174","BURNS+LAKE+DECKER+LAKE",1991,2026
"FWI","05-11",2001-05-11,11.675,10.8784496444423,43.4,18.4,59.1,2014-07-17,NA,5,"1091174","BURNS+LAKE+DECKER+LAKE",1991,2026
"FWI","05-12",2001-05-12,13.9625,10.372969680858,28.8,24.8,59.1,2014-07-17,NA,5,"1091174","BURNS+LAKE+DECKER+LAKE",1991,2026
"FWI","05-13",2001-05-13,14.4733333333333,10.092887641918,28.6,22.4,59.1,2014-07-17,NA,5,"1091174","BURNS+LAKE+DECKER+LAKE",1991,2026
"FWI","05-14",2001-05-14,12.91875,9.4406368958879,30.8,26.2,59.1,2014-07-17,NA,5,"1091174","BURNS+LAKE+DECKER+LAKE",1991,2026
"FWI","05-15",2001-05-15,13.55,8.96080353539793,30.5,21.7,59.1,2014-07-17,NA,5,"1091174","BURNS+LAKE+DECKER+LAKE",1991,2026
"FWI","05-16",2001-05-16,14.33125,10.8437213015951,37.6,NA,59.1,2014-07-17,NA,5,"1091174","BURNS+LAKE+DECKER+LAKE",1991,2026
"FWI","05-17",2001-05-17,8.45,8.87325569713094,26.3,NA,59.1,2014-07-17,NA,5,"1091174","BURNS+LAKE+DECKER+LAKE",1991,2026
"FWI","05-18",2001-05-18,6.2625,6.30627993881232,27,NA,59.1,2014-07-17,NA,5,"1091174","BURNS+LAKE+DECKER+LAKE",1991,2026
"FWI","05-19",2001-05-19,10.63125,8.55614545224659,35,NA,59.1,2014-07-17,NA,5,"1091174","BURNS+LAKE+DECKER+LAKE",1991,2026
"FWI","05-20",2001-05-20,10.63125,6.75156463347571,28.8,NA,59.1,2014-07-17,NA,5,"1091174","BURNS+LAKE+DECKER+LAKE",1991,2026
"FWI","05-21",2001-05-21,10.53125,7.61872419328416,28.4,NA,59.1,2014-07-17,NA,5,"1091174","BURNS+LAKE+DECKER+LAKE",1991,2026
"FWI","05-22",2001-05-22,10.46,9.72565091468359,27.5,NA,59.1,2014-07-17,NA,5,"1091174","BURNS+LAKE+DECKER+LAKE",1991,2026
"FWI","05-23",2001-05-23,12.5066666666667,10.0182310005785,28.1,NA,59.1,2014-07-17,NA,5,"1091174","BURNS+LAKE+DECKER+LAKE",1991,2026
"FWI","05-24",2001-05-24,10.83125,8.74838794674005,26.1,NA,59.1,2014-07-17,NA,5,"1091174","BURNS+LAKE+DECKER+LAKE",1991,2026
"FWI","05-25",2001-05-25,12.50625,9.97814069186573,31.2,NA,59.1,2014-07-17,NA,5,"1091174","BURNS+LAKE+DECKER+LAKE",1991,2026
"FWI","05-26",2001-05-26,15.14375,10.8051203139993,39.5,NA,59.1,2014-07-17,NA,5,"1091174","BURNS+LAKE+DECKER+LAKE",1991,2026
"FWI","05-27",2001-05-27,14.2823529411765,9.97949368042523,42.3,NA,59.1,2014-07-17,NA,5,"1091174","BURNS+LAKE+DECKER+LAKE",1991,2026
"FWI","05-28",2001-05-28,13.4823529411765,10.3144458948432,32.4,NA,59.1,2014-07-17,NA,5,"1091174","BURNS+LAKE+DECKER+LAKE",1991,2026
"FWI","05-29",2001-05-29,11.85625,9.43694645175723,26.5,NA,59.1,2014-07-17,NA,5,"1091174","BURNS+LAKE+DECKER+LAKE",1991,2026
"FWI","05-30",2001-05-30,10.4705882352941,9.48194103980577,30.1,NA,59.1,2014-07-17,NA,5,"1091174","BURNS+LAKE+DECKER+LAKE",1991,2026
"FWI","05-31",2001-05-31,12.1058823529412,10.2792552373844,26.4,NA,59.1,2014-07-17,NA,5,"1091174","BURNS+LAKE+DECKER+LAKE",1991,2026
"FWI","06-01",2001-06-01,10.6058823529412,9.30265221511017,27.1,NA,59.1,2014-07-17,NA,6,"1091174","BURNS+LAKE+DECKER+LAKE",1991,2026
"FWI","06-02",2001-06-02,11.1176470588235,8.08240645585503,28.7,NA,59.1,2014-07-17,NA,6,"1091174","BURNS+LAKE+DECKER+LAKE",1991,2026
"FWI","06-03",2001-06-03,11.7647058823529,11.0413960381189,39.1,NA,59.1,2014-07-17,NA,6,"1091174","BURNS+LAKE+DECKER+LAKE",1991,2026
"FWI","06-04",2001-06-04,11.1882352941176,9.95369795308138,36.9,NA,59.1,2014-07-17,NA,6,"1091174","BURNS+LAKE+DECKER+LAKE",1991,2026
"FWI","06-05",2001-06-05,10.3941176470588,9.45128764959009,38,NA,59.1,2014-07-17,NA,6,"1091174","BURNS+LAKE+DECKER+LAKE",1991,2026
"FWI","06-06",2001-06-06,11.6882352941176,10.7882391028924,39.2,NA,59.1,2014-07-17,NA,6,"1091174","BURNS+LAKE+DECKER+LAKE",1991,2026
"FWI","06-07",2001-06-07,9.71176470588235,9.69915475395544,36.7,NA,59.1,2014-07-17,NA,6,"1091174","BURNS+LAKE+DECKER+LAKE",1991,2026
"FWI","06-08",2001-06-08,8.27058823529412,7.90203808408647,42.6,NA,59.1,2014-07-17,NA,6,"1091174","BURNS+LAKE+DECKER+LAKE",1991,2026
"FWI","06-09",2001-06-09,8.98823529411765,7.97996572305774,33.1,NA,59.1,2014-07-17,NA,6,"1091174","BURNS+LAKE+DECKER+LAKE",1991,2026
"FWI","06-10",2001-06-10,12.4764705882353,12.0776409850892,50.5,NA,59.1,2014-07-17,NA,6,"1091174","BURNS+LAKE+DECKER+LAKE",1991,2026
"FWI","06-11",2001-06-11,9.24117647058823,8.15291809902514,38.1,NA,59.1,2014-07-17,NA,6,"1091174","BURNS+LAKE+DECKER+LAKE",1991,2026
"FWI","06-12",2001-06-12,10.8588235294118,7.32828926349198,37.9,NA,59.1,2014-07-17,NA,6,"1091174","BURNS+LAKE+DECKER+LAKE",1991,2026
"FWI","06-13",2001-06-13,11.7941176470588,7.22144987071808,44,NA,59.1,2014-07-17,NA,6,"1091174","BURNS+LAKE+DECKER+LAKE",1991,2026
"FWI","06-14",2001-06-14,9.21764705882353,6.3688926916417,40.2,NA,59.1,2014-07-17,NA,6,"1091174","BURNS+LAKE+DECKER+LAKE",1991,2026
"FWI","06-15",2001-06-15,10.15,7.65846321552369,32.2,NA,59.1,2014-07-17,NA,6,"1091174","BURNS+LAKE+DECKER+LAKE",1991,2026
"FWI","06-16",2001-06-16,10.4333333333333,10.1117869486119,31.7,NA,59.1,2014-07-17,NA,6,"1091174","BURNS+LAKE+DECKER+LAKE",1991,2026
"FWI","06-17",2001-06-17,11.7055555555556,10.1199553720373,30,NA,59.1,2014-07-17,NA,6,"1091174","BURNS+LAKE+DECKER+LAKE",1991,2026
"FWI","06-18",2001-06-18,7.96111111111111,9.26842450530065,30.8,NA,59.1,2014-07-17,NA,6,"1091174","BURNS+LAKE+DECKER+LAKE",1991,2026
"FWI","06-19",2001-06-19,8.6,9.2217135067188,30.3,NA,59.1,2014-07-17,NA,6,"1091174","BURNS+LAKE+DECKER+LAKE",1991,2026
"FWI","06-20",2001-06-20,8.01764705882353,9.25197514683471,37.1,NA,59.1,2014-07-17,NA,6,"1091174","BURNS+LAKE+DECKER+LAKE",1991,2026
"FWI","06-21",2001-06-21,8.31111111111111,7.1859248771379,28.4,NA,59.1,2014-07-17,NA,6,"1091174","BURNS+LAKE+DECKER+LAKE",1991,2026
"FWI","06-22",2001-06-22,12.0833333333333,6.78382592035254,24.7,NA,59.1,2014-07-17,NA,6,"1091174","BURNS+LAKE+DECKER+LAKE",1991,2026
"FWI","06-23",2001-06-23,12.7444444444444,10.2090629991328,32.5,NA,59.1,2014-07-17,NA,6,"1091174","BURNS+LAKE+DECKER+LAKE",1991,2026
"FWI","06-24",2001-06-24,9.49444444444445,7.55259770053614,29.1,NA,59.1,2014-07-17,NA,6,"1091174","BURNS+LAKE+DECKER+LAKE",1991,2026
"FWI","06-25",2001-06-25,8.38333333333333,8.40190804660045,36.5,NA,59.1,2014-07-17,NA,6,"1091174","BURNS+LAKE+DECKER+LAKE",1991,2026
"FWI","06-26",2001-06-26,11.2166666666667,11.3624898886903,35.6,NA,59.1,2014-07-17,NA,6,"1091174","BURNS+LAKE+DECKER+LAKE",1991,2026
"FWI","06-27",2001-06-27,13.2777777777778,12.5257173355957,41.7,NA,59.1,2014-07-17,NA,6,"1091174","BURNS+LAKE+DECKER+LAKE",1991,2026
"FWI","06-28",2001-06-28,12.4444444444444,11.0446804987859,35,NA,59.1,2014-07-17,NA,6,"1091174","BURNS+LAKE+DECKER+LAKE",1991,2026
"FWI","06-29",2001-06-29,11.9611111111111,13.8799957149039,46.3,NA,59.1,2014-07-17,NA,6,"1091174","BURNS+LAKE+DECKER+LAKE",1991,2026
"FWI","06-30",2001-06-30,11.25,11.5534690486807,33.3,NA,59.1,2014-07-17,NA,6,"1091174","BURNS+LAKE+DECKER+LAKE",1991,2026
"FWI","07-01",2001-07-01,9.79411764705883,8.83129878530299,30.2,NA,59.1,2014-07-17,NA,7,"1091174","BURNS+LAKE+DECKER+LAKE",1991,2026
"FWI","07-02",2001-07-02,10.7823529411765,11.3171460235188,32.4,NA,59.1,2014-07-17,NA,7,"1091174","BURNS+LAKE+DECKER+LAKE",1991,2026
"FWI","07-03",2001-07-03,9.04117647058824,12.7849549678289,34.7,NA,59.1,2014-07-17,NA,7,"1091174","BURNS+LAKE+DECKER+LAKE",1991,2026
"FWI","07-04",2001-07-04,8.66470588235294,10.1728770006615,31.3,NA,59.1,2014-07-17,NA,7,"1091174","BURNS+LAKE+DECKER+LAKE",1991,2026
"FWI","07-05",2001-07-05,9.9235294117647,11.415698041062,33.7,NA,59.1,2014-07-17,NA,7,"1091174","BURNS+LAKE+DECKER+LAKE",1991,2026
"FWI","07-06",2001-07-06,11.2588235294118,12.3532920118247,36.5,NA,59.1,2014-07-17,NA,7,"1091174","BURNS+LAKE+DECKER+LAKE",1991,2026
"FWI","07-07",2001-07-07,12.7529411764706,12.4265903231266,36.2,NA,59.1,2014-07-17,NA,7,"1091174","BURNS+LAKE+DECKER+LAKE",1991,2026
"FWI","07-08",2001-07-08,16.0470588235294,16.3225349458601,51,NA,59.1,2014-07-17,NA,7,"1091174","BURNS+LAKE+DECKER+LAKE",1991,2026
"FWI","07-09",2001-07-09,16.6705882352941,14.1540526310436,42.8,NA,59.1,2014-07-17,NA,7,"1091174","BURNS+LAKE+DECKER+LAKE",1991,2026
"FWI","07-10",2001-07-10,13.4941176470588,10.6021501703803,33.9,NA,59.1,2014-07-17,NA,7,"1091174","BURNS+LAKE+DECKER+LAKE",1991,2026
"FWI","07-11",2001-07-11,14.0588235294118,13.8213177204423,43.5,NA,59.1,2014-07-17,NA,7,"1091174","BURNS+LAKE+DECKER+LAKE",1991,2026
"FWI","07-12",2001-07-12,14.2058823529412,14.6239730660069,47.9,NA,59.1,2014-07-17,NA,7,"1091174","BURNS+LAKE+DECKER+LAKE",1991,2026
"FWI","07-13",2001-07-13,13.2647058823529,14.3524362555835,45,NA,59.1,2014-07-17,NA,7,"1091174","BURNS+LAKE+DECKER+LAKE",1991,2026
"FWI","07-14",2001-07-14,11.6529411764706,14.0521403017058,46,NA,59.1,2014-07-17,NA,7,"1091174","BURNS+LAKE+DECKER+LAKE",1991,2026
"FWI","07-15",2001-07-15,12.3647058823529,14.6171962588791,52.3,NA,59.1,2014-07-17,NA,7,"1091174","BURNS+LAKE+DECKER+LAKE",1991,2026
"FWI","07-16",2001-07-16,15.1117647058824,15.1492525538779,52.1,NA,59.1,2014-07-17,NA,7,"1091174","BURNS+LAKE+DECKER+LAKE",1991,2026
"FWI","07-17",2001-07-17,15.6764705882353,16.4194826887057,59.1,NA,59.1,2014-07-17,NA,7,"1091174","BURNS+LAKE+DECKER+LAKE",1991,2026
"FWI","07-18",2001-07-18,14.2588235294118,14.097830454698,44.5,NA,59.1,2014-07-17,NA,7,"1091174","BURNS+LAKE+DECKER+LAKE",1991,2026
"FWI","07-19",2001-07-19,11.675,11.4107843726888,33.2,NA,59.1,2014-07-17,NA,7,"1091174","BURNS+LAKE+DECKER+LAKE",1991,2026
"FWI","07-20",2001-07-20,12.7764705882353,14.1620324023322,46.7,NA,59.1,2014-07-17,NA,7,"1091174","BURNS+LAKE+DECKER+LAKE",1991,2026
"FWI","07-21",2001-07-21,10.3470588235294,12.0095856322699,38.8,NA,59.1,2014-07-17,NA,7,"1091174","BURNS+LAKE+DECKER+LAKE",1991,2026
"FWI","07-22",2001-07-22,9.17647058823529,9.59241428237469,29.4,NA,59.1,2014-07-17,NA,7,"1091174","BURNS+LAKE+DECKER+LAKE",1991,2026
"FWI","07-23",2001-07-23,10.7470588235294,9.79337260900572,31.6,NA,59.1,2014-07-17,NA,7,"1091174","BURNS+LAKE+DECKER+LAKE",1991,2026
"FWI","07-24",2001-07-24,11.6470588235294,8.68411751756179,33.8,NA,59.1,2014-07-17,NA,7,"1091174","BURNS+LAKE+DECKER+LAKE",1991,2026
"FWI","07-25",2001-07-25,11.1764705882353,8.96998672043085,30.4,NA,59.1,2014-07-17,NA,7,"1091174","BURNS+LAKE+DECKER+LAKE",1991,2026
"FWI","07-26",2001-07-26,12.7,9.50894315894253,30.9,NA,59.1,2014-07-17,NA,7,"1091174","BURNS+LAKE+DECKER+LAKE",1991,2026
"FWI","07-27",2001-07-27,12.0176470588235,10.6353911125848,38.7,NA,59.1,2014-07-17,NA,7,"1091174","BURNS+LAKE+DECKER+LAKE",1991,2026
"FWI","07-28",2001-07-28,13.8588235294118,10.4352802324332,34,NA,59.1,2014-07-17,NA,7,"1091174","BURNS+LAKE+DECKER+LAKE",1991,2026
"FWI","07-29",2001-07-29,15.8294117647059,10.5400287420079,35.6,NA,59.1,2014-07-17,NA,7,"1091174","BURNS+LAKE+DECKER+LAKE",1991,2026
"FWI","07-30",2001-07-30,13.3235294117647,10.8412135743516,35.9,NA,59.1,2014-07-17,NA,7,"1091174","BURNS+LAKE+DECKER+LAKE",1991,2026
"FWI","07-31",2001-07-31,15.3058823529412,11.0159243023586,34.2,NA,59.1,2014-07-17,NA,7,"1091174","BURNS+LAKE+DECKER+LAKE",1991,2026
"FWI","08-01",2001-08-01,16.9470588235294,13.7508689564996,48.1,NA,59.1,2014-07-17,NA,8,"1091174","BURNS+LAKE+DECKER+LAKE",1991,2026
"FWI","08-02",2001-08-02,18.2647058823529,11.0232675042652,40.8,NA,59.1,2014-07-17,NA,8,"1091174","BURNS+LAKE+DECKER+LAKE",1991,2026
"FWI","08-03",2001-08-03,19.5764705882353,13.0291754061685,38.8,NA,59.1,2014-07-17,NA,8,"1091174","BURNS+LAKE+DECKER+LAKE",1991,2026
"FWI","08-04",2001-08-04,16.0647058823529,11.7678025336334,33.7,NA,59.1,2014-07-17,NA,8,"1091174","BURNS+LAKE+DECKER+LAKE",1991,2026
"FWI","08-05",2001-08-05,17.7705882352941,14.0427367661134,43.5,NA,59.1,2014-07-17,NA,8,"1091174","BURNS+LAKE+DECKER+LAKE",1991,2026
"FWI","08-06",2001-08-06,17.1705882352941,11.5512858973516,39.1,NA,59.1,2014-07-17,NA,8,"1091174","BURNS+LAKE+DECKER+LAKE",1991,2026
"FWI","08-07",2001-08-07,13.3058823529412,10.7059837584079,35.9,NA,59.1,2014-07-17,NA,8,"1091174","BURNS+LAKE+DECKER+LAKE",1991,2026
"FWI","08-08",2001-08-08,13.8117647058824,10.1226776566863,32,NA,59.1,2014-07-17,NA,8,"1091174","BURNS+LAKE+DECKER+LAKE",1991,2026
"FWI","08-09",2001-08-09,15.6235294117647,11.3947646647355,36.4,NA,59.1,2014-07-17,NA,8,"1091174","BURNS+LAKE+DECKER+LAKE",1991,2026
"FWI","08-10",2001-08-10,15.6294117647059,10.4856905295909,33,NA,59.1,2014-07-17,NA,8,"1091174","BURNS+LAKE+DECKER+LAKE",1991,2026
"FWI","08-11",2001-08-11,16.4529411764706,12.4717239008416,41,NA,59.1,2014-07-17,NA,8,"1091174","BURNS+LAKE+DECKER+LAKE",1991,2026
"FWI","08-12",2001-08-12,19.3647058823529,13.2771863160305,46.1,NA,59.1,2014-07-17,NA,8,"1091174","BURNS+LAKE+DECKER+LAKE",1991,2026
"FWI","08-13",2001-08-13,16.8882352941176,11.4262243519536,39.5,NA,59.1,2014-07-17,NA,8,"1091174","BURNS+LAKE+DECKER+LAKE",1991,2026
"FWI","08-14",2001-08-14,16.8235294117647,13.4680422394907,41.7,NA,59.1,2014-07-17,NA,8,"1091174","BURNS+LAKE+DECKER+LAKE",1991,2026
"FWI","08-15",2001-08-15,16.9,13.9115060291832,55.5,NA,59.1,2014-07-17,NA,8,"1091174","BURNS+LAKE+DECKER+LAKE",1991,2026
"FWI","08-16",2001-08-16,19.0411764705882,14.7422038220007,52.9,NA,59.1,2014-07-17,NA,8,"1091174","BURNS+LAKE+DECKER+LAKE",1991,2026
"FWI","08-17",2001-08-17,19.8705882352941,13.463504591389,44.8,NA,59.1,2014-07-17,NA,8,"1091174","BURNS+LAKE+DECKER+LAKE",1991,2026
"FWI","08-18",2001-08-18,19.3941176470588,15.024374803475,54.6,NA,59.1,2014-07-17,NA,8,"1091174","BURNS+LAKE+DECKER+LAKE",1991,2026
"FWI","08-19",2001-08-19,17.2470588235294,14.7995404340413,46.4,NA,59.1,2014-07-17,NA,8,"1091174","BURNS+LAKE+DECKER+LAKE",1991,2026
"FWI","08-20",2001-08-20,16.9470588235294,10.5614344224079,33,NA,59.1,2014-07-17,NA,8,"1091174","BURNS+LAKE+DECKER+LAKE",1991,2026
"FWI","08-21",2001-08-21,12.0470588235294,10.7728314318392,31.2,NA,59.1,2014-07-17,NA,8,"1091174","BURNS+LAKE+DECKER+LAKE",1991,2026
"FWI","08-22",2001-08-22,12.8176470588235,10.3111126517775,35.7,NA,59.1,2014-07-17,NA,8,"1091174","BURNS+LAKE+DECKER+LAKE",1991,2026
"FWI","08-23",2001-08-23,13.0647058823529,10.7396427533968,32.1,NA,59.1,2014-07-17,NA,8,"1091174","BURNS+LAKE+DECKER+LAKE",1991,2026
"FWI","08-24",2001-08-24,12.7764705882353,11.4645938333944,37.1,NA,59.1,2014-07-17,NA,8,"1091174","BURNS+LAKE+DECKER+LAKE",1991,2026
"FWI","08-25",2001-08-25,10.9352941176471,10.1014195275015,34.1,NA,59.1,2014-07-17,NA,8,"1091174","BURNS+LAKE+DECKER+LAKE",1991,2026
"FWI","08-26",2001-08-26,11.8411764705882,11.0617617733077,36.1,NA,59.1,2014-07-17,NA,8,"1091174","BURNS+LAKE+DECKER+LAKE",1991,2026
"FWI","08-27",2001-08-27,10.3176470588235,9.69911305829801,32.2,NA,59.1,2014-07-17,NA,8,"1091174","BURNS+LAKE+DECKER+LAKE",1991,2026
"FWI","08-28",2001-08-28,10.6411764705882,7.52463112248114,32.1,NA,59.1,2014-07-17,NA,8,"1091174","BURNS+LAKE+DECKER+LAKE",1991,2026
"FWI","08-29",2001-08-29,9.30588235294118,7.26425070019573,28.8,NA,59.1,2014-07-17,NA,8,"1091174","BURNS+LAKE+DECKER+LAKE",1991,2026
"FWI","08-30",2001-08-30,7.90588235294118,10.46425287516,38.4,NA,59.1,2014-07-17,NA,8,"1091174","BURNS+LAKE+DECKER+LAKE",1991,2026
"FWI","08-31",2001-08-31,9.47647058823529,9.40947191741948,32.6,NA,59.1,2014-07-17,NA,8,"1091174","BURNS+LAKE+DECKER+LAKE",1991,2026
"FWI","09-01",2001-09-01,9.25294117647059,7.33971369052114,24.8,NA,59.1,2014-07-17,NA,9,"1091174","BURNS+LAKE+DECKER+LAKE",1991,2026
"FWI","09-02",2001-09-02,10.1705882352941,9.39353266254783,33.1,NA,59.1,2014-07-17,NA,9,"1091174","BURNS+LAKE+DECKER+LAKE",1991,2026
"FWI","09-03",2001-09-03,10.0823529411765,7.71040168328778,25.5,NA,59.1,2014-07-17,NA,9,"1091174","BURNS+LAKE+DECKER+LAKE",1991,2026
"FWI","09-04",2001-09-04,11.4235294117647,8.50973923012368,29.1,NA,59.1,2014-07-17,NA,9,"1091174","BURNS+LAKE+DECKER+LAKE",1991,2026
"FWI","09-05",2001-09-05,11.9176470588235,8.92645193330738,26.6,NA,59.1,2014-07-17,NA,9,"1091174","BURNS+LAKE+DECKER+LAKE",1991,2026
"FWI","09-06",2001-09-06,11.7411764705882,10.133796106564,27.7,NA,59.1,2014-07-17,NA,9,"1091174","BURNS+LAKE+DECKER+LAKE",1991,2026
"FWI","09-07",2001-09-07,9.81764705882353,9.21745865830962,28.6,NA,59.1,2014-07-17,NA,9,"1091174","BURNS+LAKE+DECKER+LAKE",1991,2026
"FWI","09-08",2001-09-08,7.76470588235294,8.76362804268804,25.5,NA,59.1,2014-07-17,NA,9,"1091174","BURNS+LAKE+DECKER+LAKE",1991,2026
"FWI","09-09",2001-09-09,8.24117647058823,8.84095998913081,25.7,NA,59.1,2014-07-17,NA,9,"1091174","BURNS+LAKE+DECKER+LAKE",1991,2026
"FWI","09-10",2001-09-10,8.15882352941177,8.61060819741624,27.5,NA,59.1,2014-07-17,NA,9,"1091174","BURNS+LAKE+DECKER+LAKE",1991,2026
"FWI","09-11",2001-09-11,8.12352941176471,9.02881009683479,26.9,NA,59.1,2014-07-17,NA,9,"1091174","BURNS+LAKE+DECKER+LAKE",1991,2026
"FWI","09-12",2001-09-12,8.28235294117647,7.80057972958722,23.5,NA,59.1,2014-07-17,NA,9,"1091174","BURNS+LAKE+DECKER+LAKE",1991,2026
"FWI","09-13",2001-09-13,10.8647058823529,10.6522850351738,31.4,NA,59.1,2014-07-17,NA,9,"1091174","BURNS+LAKE+DECKER+LAKE",1991,2026
"FWI","09-14",2001-09-14,10.0235294117647,9.51081814381423,31.7,NA,59.1,2014-07-17,NA,9,"1091174","BURNS+LAKE+DECKER+LAKE",1991,2026
"FWI","09-15",2001-09-15,10.2764705882353,10.4160050770296,36.5,NA,59.1,2014-07-17,NA,9,"1091174","BURNS+LAKE+DECKER+LAKE",1991,2026
"FWI","09-16",2001-09-16,9.78125,7.16363210948189,24,NA,59.1,2014-07-17,NA,9,"1091174","BURNS+LAKE+DECKER+LAKE",1991,2026
"FWI","09-17",2001-09-17,10.3235294117647,7.35302058780648,27,NA,59.1,2014-07-17,NA,9,"1091174","BURNS+LAKE+DECKER+LAKE",1991,2026
"FWI","09-18",2001-09-18,10.0529411764706,9.90486734180845,34.4,NA,59.1,2014-07-17,NA,9,"1091174","BURNS+LAKE+DECKER+LAKE",1991,2026
"FWI","09-19",2001-09-19,10.0588235294118,9.47563050827816,30.8,NA,59.1,2014-07-17,NA,9,"1091174","BURNS+LAKE+DECKER+LAKE",1991,2026
"FWI","09-20",2001-09-20,11.1176470588235,9.70980402055814,29.4,NA,59.1,2014-07-17,NA,9,"1091174","BURNS+LAKE+DECKER+LAKE",1991,2026
"FWI","09-21",2001-09-21,11.4941176470588,9.27708673212093,32.5,NA,59.1,2014-07-17,NA,9,"1091174","BURNS+LAKE+DECKER+LAKE",1991,2026
"FWI","09-22",2001-09-22,11.4588235294118,8.52115447163187,28,NA,59.1,2014-07-17,NA,9,"1091174","BURNS+LAKE+DECKER+LAKE",1991,2026
"FWI","09-23",2001-09-23,9.55294117647058,6.87132789632568,24.9,NA,59.1,2014-07-17,NA,9,"1091174","BURNS+LAKE+DECKER+LAKE",1991,2026
"FWI","09-24",2001-09-24,6.47647058823529,6.03868046552439,21.9,NA,59.1,2014-07-17,NA,9,"1091174","BURNS+LAKE+DECKER+LAKE",1991,2026
"FWI","09-25",2001-09-25,5.54705882352941,6.3006068802,24.3,NA,59.1,2014-07-17,NA,9,"1091174","BURNS+LAKE+DECKER+LAKE",1991,2026
"FWI","09-26",2001-09-26,5.21176470588235,5.31846810098326,16.5,NA,59.1,2014-07-17,NA,9,"1091174","BURNS+LAKE+DECKER+LAKE",1991,2026
"FWI","09-27",2001-09-27,6.72352941176471,6.43744217563979,22.3,NA,59.1,2014-07-17,NA,9,"1091174","BURNS+LAKE+DECKER+LAKE",1991,2026
"FWI","09-28",2001-09-28,6.34117647058823,5.60759070630264,21.3,NA,59.1,2014-07-17,NA,9,"1091174","BURNS+LAKE+DECKER+LAKE",1991,2026
"FWI","09-29",2001-09-29,5.37058823529412,4.98193796452274,16.8,NA,59.1,2014-07-17,NA,9,"1091174","BURNS+LAKE+DECKER+LAKE",1991,2026
"FWI","09-30",2001-09-30,5.98235294117647,4.97860865279116,16.7,NA,59.1,2014-07-17,NA,9,"1091174","BURNS+LAKE+DECKER+LAKE",1991,2026
"FWI","10-01",2001-10-01,6.59375,6.35247655118327,27,NA,59.1,2014-07-17,NA,10,"1091174","BURNS+LAKE+DECKER+LAKE",1991,2026
"FWI","10-02",2001-10-02,4.4,5.52733467155993,19.1,NA,59.1,2014-07-17,NA,10,"1091174","BURNS+LAKE+DECKER+LAKE",1991,2026
"FWI","10-03",2001-10-03,4.2125,4.86454862585763,16.1,NA,59.1,2014-07-17,NA,10,"1091174","BURNS+LAKE+DECKER+LAKE",1991,2026
"FWI","10-04",2001-10-04,5.22352941176471,4.5707670871207,13.8,NA,59.1,2014-07-17,NA,10,"1091174","BURNS+LAKE+DECKER+LAKE",1991,2026
"FWI","10-05",2001-10-05,5.83529411764706,5.95692256711368,18.3,NA,59.1,2014-07-17,NA,10,"1091174","BURNS+LAKE+DECKER+LAKE",1991,2026
"FWI","10-06",2001-10-06,5.45294117647059,7.28381061387675,29.4,NA,59.1,2014-07-17,NA,10,"1091174","BURNS+LAKE+DECKER+LAKE",1991,2026
"FWI","10-07",2001-10-07,4.72941176470588,5.96235740981308,20.9,NA,59.1,2014-07-17,NA,10,"1091174","BURNS+LAKE+DECKER+LAKE",1991,2026
"FWI","10-08",2001-10-08,2.33125,4.01409495818588,15.3,NA,59.1,2014-07-17,NA,10,"1091174","BURNS+LAKE+DECKER+LAKE",1991,2026
"FWI","10-09",2001-10-09,2.74285714285714,5.31249822236557,16.7,NA,59.1,2014-07-17,NA,10,"1091174","BURNS+LAKE+DECKER+LAKE",1991,2026
"FWI","10-10",2001-10-10,3.16923076923077,4.55894443473205,35.2,NA,59.1,2014-07-17,NA,10,"1091174","BURNS+LAKE+DECKER+LAKE",1991,2026
"FWI","10-11",2001-10-11,2.87692307692308,4.3939643918588,21.4,NA,59.1,2014-07-17,NA,10,"1091174","BURNS+LAKE+DECKER+LAKE",1991,2026
"FWI","10-12",2001-10-12,2.26666666666667,1.88250086953752,15.5,NA,59.1,2014-07-17,NA,10,"1091174","BURNS+LAKE+DECKER+LAKE",1991,2026
"FWI","10-13",2001-10-13,2.18666666666667,2.35610655430481,18.3,NA,59.1,2014-07-17,NA,10,"1091174","BURNS+LAKE+DECKER+LAKE",1991,2026
"FWI","10-14",2001-10-14,2.75625,3.11404747341248,14.2,NA,59.1,2014-07-17,NA,10,"1091174","BURNS+LAKE+DECKER+LAKE",1991,2026
"FWI","10-15",2001-10-15,2.35333333333333,2.87572765118839,16.6,NA,59.1,2014-07-17,NA,10,"1091174","BURNS+LAKE+DECKER+LAKE",1991,2026
"FWI","10-16",2001-10-16,2.80714285714286,3.45174744724472,16.2,NA,59.1,2014-07-17,NA,10,"1091174","BURNS+LAKE+DECKER+LAKE",1991,2026
"FWI","10-17",2001-10-17,3.075,4.33613254577688,13.6,NA,59.1,2014-07-17,NA,10,"1091174","BURNS+LAKE+DECKER+LAKE",1991,2026
"FWI","10-18",2001-10-18,3.50909090909091,4.62632781922218,16.4,NA,59.1,2014-07-17,NA,10,"1091174","BURNS+LAKE+DECKER+LAKE",1991,2026
"FWI","10-19",2001-10-19,1.96666666666667,2.69387633290203,8.2,NA,59.1,2014-07-17,NA,10,"1091174","BURNS+LAKE+DECKER+LAKE",1991,2026
"FWI","10-20",2001-10-20,1.56666666666667,2.35269027182745,20.6,NA,59.1,2014-07-17,NA,10,"1091174","BURNS+LAKE+DECKER+LAKE",1991,2026
"FWI","10-21",2001-10-21,1.04166666666667,1.26092198110123,13.9,NA,59.1,2014-07-17,NA,10,"1091174","BURNS+LAKE+DECKER+LAKE",1991,2026
"FWI","10-22",2001-10-22,1.06923076923077,1.50187916479357,5.5,NA,59.1,2014-07-17,NA,10,"1091174","BURNS+LAKE+DECKER+LAKE",1991,2026
"FWI","10-23",2001-10-23,1.50909090909091,1.74725759145842,5.7,NA,59.1,2014-07-17,NA,10,"1091174","BURNS+LAKE+DECKER+LAKE",1991,2026
"FWI","10-24",2001-10-24,1.59166666666667,2.36545530244788,8,NA,59.1,2014-07-17,NA,10,"1091174","BURNS+LAKE+DECKER+LAKE",1991,2026
"FWI","10-25",2001-10-25,1.93636363636364,2.70786732587574,6.9,NA,59.1,2014-07-17,NA,10,"1091174","BURNS+LAKE+DECKER+LAKE",1991,2026
"FWI","10-26",2001-10-26,2.1,3.4505072090926,9.2,NA,59.1,2014-07-17,NA,10,"1091174","BURNS+LAKE+DECKER+LAKE",1991,2026
"FWI","10-27",2001-10-27,1.24444444444444,1.7256238807393,5.6,NA,59.1,2014-07-17,NA,10,"1091174","BURNS+LAKE+DECKER+LAKE",1991,2026
"FWI","10-28",2001-10-28,1.4125,2.87870878793154,8.3,NA,59.1,2014-07-17,NA,10,"1091174","BURNS+LAKE+DECKER+LAKE",1991,2026
"FWI","10-29",2001-10-29,1.675,3.13539699012968,9.1,NA,59.1,2014-07-17,NA,10,"1091174","BURNS+LAKE+DECKER+LAKE",1991,2026
"FWI","10-30",2001-10-30,2.35,4.19591638211658,12.1,NA,59.1,2014-07-17,NA,10,"1091174","BURNS+LAKE+DECKER+LAKE",1991,2026
"FWI","10-31",2001-10-31,4.04,7.41302907049473,17.1,NA,59.1,2014-07-17,NA,10,"1091174","BURNS+LAKE+DECKER+LAKE",1991,2026
"ISI","04-01",2001-04-01,5.1,NA,5.1,NA,23.3,2019-05-11,NA,4,"1091174","BURNS+LAKE+DECKER+LAKE",1991,2026
"ISI","04-02",2001-04-02,7.5,NA,7.5,NA,23.3,2019-05-11,NA,4,"1091174","BURNS+LAKE+DECKER+LAKE",1991,2026
"ISI","04-03",2001-04-03,5.2,NA,5.2,NA,23.3,2019-05-11,NA,4,"1091174","BURNS+LAKE+DECKER+LAKE",1991,2026
"ISI","04-04",2001-04-04,0.4,NA,0.4,NA,23.3,2019-05-11,NA,4,"1091174","BURNS+LAKE+DECKER+LAKE",1991,2026
"ISI","04-05",2001-04-05,1.8,NA,1.8,NA,23.3,2019-05-11,NA,4,"1091174","BURNS+LAKE+DECKER+LAKE",1991,2026
"ISI","04-06",2001-04-06,2.65,1.20208152801713,3.5,NA,23.3,2019-05-11,NA,4,"1091174","BURNS+LAKE+DECKER+LAKE",1991,2026
"ISI","04-07",2001-04-07,3.1,0.565685424949238,3.5,NA,23.3,2019-05-11,NA,4,"1091174","BURNS+LAKE+DECKER+LAKE",1991,2026
"ISI","04-08",2001-04-08,4.7,2.54558441227157,6.5,NA,23.3,2019-05-11,NA,4,"1091174","BURNS+LAKE+DECKER+LAKE",1991,2026
"ISI","04-09",2001-04-09,5.63333333333333,3.00887575903914,9.1,NA,23.3,2019-05-11,NA,4,"1091174","BURNS+LAKE+DECKER+LAKE",1991,2026
"ISI","04-10",2001-04-10,5.8,0.989949493661167,7.2,4.4,23.3,2019-05-11,NA,4,"1091174","BURNS+LAKE+DECKER+LAKE",1991,2026
"ISI","04-11",2001-04-11,6.06666666666667,1.56311654502578,7.5,5.6,23.3,2019-05-11,NA,4,"1091174","BURNS+LAKE+DECKER+LAKE",1991,2026
"ISI","04-12",2001-04-12,5.23333333333333,4.18608807042247,7.7,5,23.3,2019-05-11,NA,4,"1091174","BURNS+LAKE+DECKER+LAKE",1991,2026
"ISI","04-13",2001-04-13,3.4,2.45085019262024,6.6,6.6,23.3,2019-05-11,NA,4,"1091174","BURNS+LAKE+DECKER+LAKE",1991,2026
"ISI","04-14",2001-04-14,3.375,2.91819007834194,7.1,1.7,23.3,2019-05-11,NA,4,"1091174","BURNS+LAKE+DECKER+LAKE",1991,2026
"ISI","04-15",2001-04-15,5.5,3.20546408496492,8.8,0.4,23.3,2019-05-11,NA,4,"1091174","BURNS+LAKE+DECKER+LAKE",1991,2026
"ISI","04-16",2001-04-16,3.63333333333333,2.77608837515427,7.3,NA,23.3,2019-05-11,NA,4,"1091174","BURNS+LAKE+DECKER+LAKE",1991,2026
"ISI","04-17",2001-04-17,3.73333333333333,3.54889654211935,10.3,2.1,23.3,2019-05-11,NA,4,"1091174","BURNS+LAKE+DECKER+LAKE",1991,2026
"ISI","04-18",2001-04-18,5.4,2.66333124739176,11.6,4.9,23.3,2019-05-11,NA,4,"1091174","BURNS+LAKE+DECKER+LAKE",1991,2026
"ISI","04-19",2001-04-19,5.28571428571429,3.49114526167205,12,5.3,23.3,2019-05-11,NA,4,"1091174","BURNS+LAKE+DECKER+LAKE",1991,2026
"ISI","04-20",2001-04-20,5.1125,2.10471409663437,12.6,5.2,23.3,2019-05-11,NA,4,"1091174","BURNS+LAKE+DECKER+LAKE",1991,2026
"ISI","04-21",2001-04-21,4.6875,2.87970112536502,13.6,9.3,23.3,2019-05-11,NA,4,"1091174","BURNS+LAKE+DECKER+LAKE",1991,2026
"ISI","04-22",2001-04-22,3.25,2.35493403001322,9.4,9.4,23.3,2019-05-11,NA,4,"1091174","BURNS+LAKE+DECKER+LAKE",1991,2026
"ISI","04-23",2001-04-23,3.52222222222222,2.27034016051438,8.9,8.1,23.3,2019-05-11,NA,4,"1091174","BURNS+LAKE+DECKER+LAKE",1991,2026
"ISI","04-24",2001-04-24,4.4,3.27052956512606,10.4,6.8,23.3,2019-05-11,NA,4,"1091174","BURNS+LAKE+DECKER+LAKE",1991,2026
"ISI","04-25",2001-04-25,3.93333333333333,4.37728295414017,13.3,6,23.3,2019-05-11,NA,4,"1091174","BURNS+LAKE+DECKER+LAKE",1991,2026
"ISI","04-26",2001-04-26,2.80833333333333,3.32359562504043,15.3,8.6,23.3,2019-05-11,NA,4,"1091174","BURNS+LAKE+DECKER+LAKE",1991,2026
"ISI","04-27",2001-04-27,3.21666666666667,3.46195775756313,12.7,10.3,23.3,2019-05-11,NA,4,"1091174","BURNS+LAKE+DECKER+LAKE",1991,2026
"ISI","04-28",2001-04-28,3.83076923076923,3.6256917995937,12.8,11.1,23.3,2019-05-11,NA,4,"1091174","BURNS+LAKE+DECKER+LAKE",1991,2026
"ISI","04-29",2001-04-29,4.13076923076923,3.42378557919559,12.7,7.4,23.3,2019-05-11,NA,4,"1091174","BURNS+LAKE+DECKER+LAKE",1991,2026
"ISI","04-30",2001-04-30,4.25384615384615,2.93019208261603,8.7,7.6,23.3,2019-05-11,NA,4,"1091174","BURNS+LAKE+DECKER+LAKE",1991,2026
"ISI","05-01",2001-05-01,4.95333333333333,3.62882638774314,14.5,1.1,23.3,2019-05-11,NA,5,"1091174","BURNS+LAKE+DECKER+LAKE",1991,2026
"ISI","05-02",2001-05-02,6.85333333333333,4.54546346319472,14.6,6.6,23.3,2019-05-11,NA,5,"1091174","BURNS+LAKE+DECKER+LAKE",1991,2026
"ISI","05-03",2001-05-03,5.62,3.57255410835761,14.6,9.1,23.3,2019-05-11,NA,5,"1091174","BURNS+LAKE+DECKER+LAKE",1991,2026
"ISI","05-04",2001-05-04,5.82666666666667,3.61098852050766,13.3,5,23.3,2019-05-11,NA,5,"1091174","BURNS+LAKE+DECKER+LAKE",1991,2026
"ISI","05-05",2001-05-05,4.96428571428571,3.79688275843733,11.8,8.2,23.3,2019-05-11,NA,5,"1091174","BURNS+LAKE+DECKER+LAKE",1991,2026
"ISI","05-06",2001-05-06,5.575,5.38423625038872,21.6,14.8,23.3,2019-05-11,NA,5,"1091174","BURNS+LAKE+DECKER+LAKE",1991,2026
"ISI","05-07",2001-05-07,5.75,3.98067446932919,14.7,10.4,23.3,2019-05-11,NA,5,"1091174","BURNS+LAKE+DECKER+LAKE",1991,2026
"ISI","05-08",2001-05-08,6.30666666666667,3.70240591018996,15,7.8,23.3,2019-05-11,NA,5,"1091174","BURNS+LAKE+DECKER+LAKE",1991,2026
"ISI","05-09",2001-05-09,6.7125,3.68562522963653,11.9,8.5,23.3,2019-05-11,NA,5,"1091174","BURNS+LAKE+DECKER+LAKE",1991,2026
"ISI","05-10",2001-05-10,5.97333333333333,3.28687143185185,11.5,8.9,23.3,2019-05-11,NA,5,"1091174","BURNS+LAKE+DECKER+LAKE",1991,2026
"ISI","05-11",2001-05-11,5.61875,5.54679712386647,23.3,6.5,23.3,2019-05-11,NA,5,"1091174","BURNS+LAKE+DECKER+LAKE",1991,2026
"ISI","05-12",2001-05-12,6.68125,4.65649635813595,13.9,9.4,23.3,2019-05-11,NA,5,"1091174","BURNS+LAKE+DECKER+LAKE",1991,2026
"ISI","05-13",2001-05-13,6.86666666666667,4.62148193094977,12.8,8,23.3,2019-05-11,NA,5,"1091174","BURNS+LAKE+DECKER+LAKE",1991,2026
"ISI","05-14",2001-05-14,5.78125,4.61695697041533,17.3,9.8,23.3,2019-05-11,NA,5,"1091174","BURNS+LAKE+DECKER+LAKE",1991,2026
"ISI","05-15",2001-05-15,5.89375,3.79024515478001,11.2,7.3,23.3,2019-05-11,NA,5,"1091174","BURNS+LAKE+DECKER+LAKE",1991,2026
"ISI","05-16",2001-05-16,6.3125,4.97404932290249,15,NA,23.3,2019-05-11,NA,5,"1091174","BURNS+LAKE+DECKER+LAKE",1991,2026
"ISI","05-17",2001-05-17,3.53125,3.89747247157266,11.9,NA,23.3,2019-05-11,NA,5,"1091174","BURNS+LAKE+DECKER+LAKE",1991,2026
"ISI","05-18",2001-05-18,2.50625,2.49010541945517,10.8,NA,23.3,2019-05-11,NA,5,"1091174","BURNS+LAKE+DECKER+LAKE",1991,2026
"ISI","05-19",2001-05-19,4.53125,3.96681547339929,15.6,NA,23.3,2019-05-11,NA,5,"1091174","BURNS+LAKE+DECKER+LAKE",1991,2026
"ISI","05-20",2001-05-20,4.43125,2.67749105196139,10.9,NA,23.3,2019-05-11,NA,5,"1091174","BURNS+LAKE+DECKER+LAKE",1991,2026
"ISI","05-21",2001-05-21,4.4125,3.18577567739266,11,NA,23.3,2019-05-11,NA,5,"1091174","BURNS+LAKE+DECKER+LAKE",1991,2026
"ISI","05-22",2001-05-22,4.27333333333333,4.23597967529635,15.2,NA,23.3,2019-05-11,NA,5,"1091174","BURNS+LAKE+DECKER+LAKE",1991,2026
"ISI","05-23",2001-05-23,5.15333333333333,4.22811451842927,13.9,NA,23.3,2019-05-11,NA,5,"1091174","BURNS+LAKE+DECKER+LAKE",1991,2026
"ISI","05-24",2001-05-24,4.16875,2.95402973354478,10.1,NA,23.3,2019-05-11,NA,5,"1091174","BURNS+LAKE+DECKER+LAKE",1991,2026
"ISI","05-25",2001-05-25,5.15,3.68908299355454,11.2,NA,23.3,2019-05-11,NA,5,"1091174","BURNS+LAKE+DECKER+LAKE",1991,2026
"ISI","05-26",2001-05-26,6.50625,5.25527909185928,21.9,NA,23.3,2019-05-11,NA,5,"1091174","BURNS+LAKE+DECKER+LAKE",1991,2026
"ISI","05-27",2001-05-27,5.8,4.02616442783948,16.8,NA,23.3,2019-05-11,NA,5,"1091174","BURNS+LAKE+DECKER+LAKE",1991,2026
"ISI","05-28",2001-05-28,5.80588235294118,4.71241320718951,15.3,NA,23.3,2019-05-11,NA,5,"1091174","BURNS+LAKE+DECKER+LAKE",1991,2026
"ISI","05-29",2001-05-29,4.925,4.28835632847831,13.8,NA,23.3,2019-05-11,NA,5,"1091174","BURNS+LAKE+DECKER+LAKE",1991,2026
"ISI","05-30",2001-05-30,3.86470588235294,3.47094028623199,9.4,NA,23.3,2019-05-11,NA,5,"1091174","BURNS+LAKE+DECKER+LAKE",1991,2026
"ISI","05-31",2001-05-31,4.62941176470588,3.91340080778253,12.8,NA,23.3,2019-05-11,NA,5,"1091174","BURNS+LAKE+DECKER+LAKE",1991,2026
"ISI","06-01",2001-06-01,3.91176470588235,3.11526129581075,10,NA,23.3,2019-05-11,NA,6,"1091174","BURNS+LAKE+DECKER+LAKE",1991,2026
"ISI","06-02",2001-06-02,4.34117647058823,2.89871929124083,10.6,NA,23.3,2019-05-11,NA,6,"1091174","BURNS+LAKE+DECKER+LAKE",1991,2026
"ISI","06-03",2001-06-03,4.59411764705882,4.12863030983571,12.9,NA,23.3,2019-05-11,NA,6,"1091174","BURNS+LAKE+DECKER+LAKE",1991,2026
"ISI","06-04",2001-06-04,4.51176470588235,4.30143614868063,14.1,NA,23.3,2019-05-11,NA,6,"1091174","BURNS+LAKE+DECKER+LAKE",1991,2026
"ISI","06-05",2001-06-05,3.88823529411765,3.4197738143299,12.3,NA,23.3,2019-05-11,NA,6,"1091174","BURNS+LAKE+DECKER+LAKE",1991,2026
"ISI","06-06",2001-06-06,4.35882352941176,3.6266476985519,12.6,NA,23.3,2019-05-11,NA,6,"1091174","BURNS+LAKE+DECKER+LAKE",1991,2026
"ISI","06-07",2001-06-07,3.55882352941176,3.36638879653135,11,NA,23.3,2019-05-11,NA,6,"1091174","BURNS+LAKE+DECKER+LAKE",1991,2026
"ISI","06-08",2001-06-08,3,2.75068173367985,14.8,NA,23.3,2019-05-11,NA,6,"1091174","BURNS+LAKE+DECKER+LAKE",1991,2026
"ISI","06-09",2001-06-09,3.25294117647059,2.88619941425112,10.9,NA,23.3,2019-05-11,NA,6,"1091174","BURNS+LAKE+DECKER+LAKE",1991,2026
"ISI","06-10",2001-06-10,4.74117647058824,4.99788190430824,21.2,NA,23.3,2019-05-11,NA,6,"1091174","BURNS+LAKE+DECKER+LAKE",1991,2026
"ISI","06-11",2001-06-11,3.37647058823529,2.76010176709227,10.8,NA,23.3,2019-05-11,NA,6,"1091174","BURNS+LAKE+DECKER+LAKE",1991,2026
"ISI","06-12",2001-06-12,4.30588235294118,3.58721176337474,14.9,NA,23.3,2019-05-11,NA,6,"1091174","BURNS+LAKE+DECKER+LAKE",1991,2026
"ISI","06-13",2001-06-13,4.11764705882353,2.18266903529762,13.2,NA,23.3,2019-05-11,NA,6,"1091174","BURNS+LAKE+DECKER+LAKE",1991,2026
"ISI","06-14",2001-06-14,3.28235294117647,2.04915692850671,11.4,NA,23.3,2019-05-11,NA,6,"1091174","BURNS+LAKE+DECKER+LAKE",1991,2026
"ISI","06-15",2001-06-15,3.84444444444444,2.91894868709755,8.7,NA,23.3,2019-05-11,NA,6,"1091174","BURNS+LAKE+DECKER+LAKE",1991,2026
"ISI","06-16",2001-06-16,3.87777777777778,3.73938585010262,12.8,NA,23.3,2019-05-11,NA,6,"1091174","BURNS+LAKE+DECKER+LAKE",1991,2026
"ISI","06-17",2001-06-17,4.26111111111111,3.40987129115194,11.3,NA,23.3,2019-05-11,NA,6,"1091174","BURNS+LAKE+DECKER+LAKE",1991,2026
"ISI","06-18",2001-06-18,2.92777777777778,3.14620323107739,11.1,NA,23.3,2019-05-11,NA,6,"1091174","BURNS+LAKE+DECKER+LAKE",1991,2026
"ISI","06-19",2001-06-19,3.16666666666667,2.90597761215618,10.3,NA,23.3,2019-05-11,NA,6,"1091174","BURNS+LAKE+DECKER+LAKE",1991,2026
"ISI","06-20",2001-06-20,3.33529411764706,4.04643997491477,13.4,NA,23.3,2019-05-11,NA,6,"1091174","BURNS+LAKE+DECKER+LAKE",1991,2026
"ISI","06-21",2001-06-21,3.07222222222222,2.38322706468143,14,NA,23.3,2019-05-11,NA,6,"1091174","BURNS+LAKE+DECKER+LAKE",1991,2026
"ISI","06-22",2001-06-22,4.37222222222222,2.22229493345097,11.8,NA,23.3,2019-05-11,NA,6,"1091174","BURNS+LAKE+DECKER+LAKE",1991,2026
"ISI","06-23",2001-06-23,4.62777777777778,3.34625436879111,10.1,NA,23.3,2019-05-11,NA,6,"1091174","BURNS+LAKE+DECKER+LAKE",1991,2026
"ISI","06-24",2001-06-24,3.59444444444444,3.21841616550425,10.3,NA,23.3,2019-05-11,NA,6,"1091174","BURNS+LAKE+DECKER+LAKE",1991,2026
"ISI","06-25",2001-06-25,2.98888888888889,3.06649615894272,13.7,NA,23.3,2019-05-11,NA,6,"1091174","BURNS+LAKE+DECKER+LAKE",1991,2026
"ISI","06-26",2001-06-26,3.96111111111111,3.89632389173193,12.5,NA,23.3,2019-05-11,NA,6,"1091174","BURNS+LAKE+DECKER+LAKE",1991,2026
"ISI","06-27",2001-06-27,4.72777777777778,4.35779295941468,15.4,NA,23.3,2019-05-11,NA,6,"1091174","BURNS+LAKE+DECKER+LAKE",1991,2026
"ISI","06-28",2001-06-28,4.31111111111111,3.78509287925345,14,NA,23.3,2019-05-11,NA,6,"1091174","BURNS+LAKE+DECKER+LAKE",1991,2026
"ISI","06-29",2001-06-29,4.50555555555556,5.30476724800962,19.2,NA,23.3,2019-05-11,NA,6,"1091174","BURNS+LAKE+DECKER+LAKE",1991,2026
"ISI","06-30",2001-06-30,3.9,3.77951132851232,11.1,NA,23.3,2019-05-11,NA,6,"1091174","BURNS+LAKE+DECKER+LAKE",1991,2026
"ISI","07-01",2001-07-01,3.08823529411765,2.46421446736612,10.2,NA,23.3,2019-05-11,NA,7,"1091174","BURNS+LAKE+DECKER+LAKE",1991,2026
"ISI","07-02",2001-07-02,3.64117647058824,3.61732961304493,11,NA,23.3,2019-05-11,NA,7,"1091174","BURNS+LAKE+DECKER+LAKE",1991,2026
"ISI","07-03",2001-07-03,3.29411764705882,4.08877588469876,11.9,NA,23.3,2019-05-11,NA,7,"1091174","BURNS+LAKE+DECKER+LAKE",1991,2026
"ISI","07-04",2001-07-04,3.12352941176471,3.25144764139081,9.9,NA,23.3,2019-05-11,NA,7,"1091174","BURNS+LAKE+DECKER+LAKE",1991,2026
"ISI","07-05",2001-07-05,3.44705882352941,3.34011931805191,11.7,NA,23.3,2019-05-11,NA,7,"1091174","BURNS+LAKE+DECKER+LAKE",1991,2026
"ISI","07-06",2001-07-06,3.93529411764706,3.712805741025,10.1,NA,23.3,2019-05-11,NA,7,"1091174","BURNS+LAKE+DECKER+LAKE",1991,2026
"ISI","07-07",2001-07-07,4.47647058823529,3.67840478532555,12.7,NA,23.3,2019-05-11,NA,7,"1091174","BURNS+LAKE+DECKER+LAKE",1991,2026
"ISI","07-08",2001-07-08,5.9,5.34848109279635,18.7,NA,23.3,2019-05-11,NA,7,"1091174","BURNS+LAKE+DECKER+LAKE",1991,2026
"ISI","07-09",2001-07-09,6.07058823529412,4.45866637935077,16.7,NA,23.3,2019-05-11,NA,7,"1091174","BURNS+LAKE+DECKER+LAKE",1991,2026
"ISI","07-10",2001-07-10,4.74117647058823,3.07897280426635,9.5,NA,23.3,2019-05-11,NA,7,"1091174","BURNS+LAKE+DECKER+LAKE",1991,2026
"ISI","07-11",2001-07-11,4.8,3.96610640301039,12.4,NA,23.3,2019-05-11,NA,7,"1091174","BURNS+LAKE+DECKER+LAKE",1991,2026
"ISI","07-12",2001-07-12,5.12941176470588,4.52890228227028,14.4,NA,23.3,2019-05-11,NA,7,"1091174","BURNS+LAKE+DECKER+LAKE",1991,2026
"ISI","07-13",2001-07-13,4.64705882352941,4.43031004093659,13.9,NA,23.3,2019-05-11,NA,7,"1091174","BURNS+LAKE+DECKER+LAKE",1991,2026
"ISI","07-14",2001-07-14,3.77058823529412,4.26332685614802,14.1,NA,23.3,2019-05-11,NA,7,"1091174","BURNS+LAKE+DECKER+LAKE",1991,2026
"ISI","07-15",2001-07-15,4.09411764705882,4.64131858799782,17.1,NA,23.3,2019-05-11,NA,7,"1091174","BURNS+LAKE+DECKER+LAKE",1991,2026
"ISI","07-16",2001-07-16,5.11764705882353,4.64855290575971,16.8,NA,23.3,2019-05-11,NA,7,"1091174","BURNS+LAKE+DECKER+LAKE",1991,2026
"ISI","07-17",2001-07-17,5.41764705882353,5.32708120058696,20.4,NA,23.3,2019-05-11,NA,7,"1091174","BURNS+LAKE+DECKER+LAKE",1991,2026
"ISI","07-18",2001-07-18,4.85882352941177,4.33518437086726,13.3,NA,23.3,2019-05-11,NA,7,"1091174","BURNS+LAKE+DECKER+LAKE",1991,2026
"ISI","07-19",2001-07-19,4.1125,3.64506515716798,11.2,NA,23.3,2019-05-11,NA,7,"1091174","BURNS+LAKE+DECKER+LAKE",1991,2026
"ISI","07-20",2001-07-20,4.24117647058824,4.18091778553606,14.1,NA,23.3,2019-05-11,NA,7,"1091174","BURNS+LAKE+DECKER+LAKE",1991,2026
"ISI","07-21",2001-07-21,3.51764705882353,3.60437846481846,10,NA,23.3,2019-05-11,NA,7,"1091174","BURNS+LAKE+DECKER+LAKE",1991,2026
"ISI","07-22",2001-07-22,3.07647058823529,2.81503317293169,8.8,NA,23.3,2019-05-11,NA,7,"1091174","BURNS+LAKE+DECKER+LAKE",1991,2026
"ISI","07-23",2001-07-23,3.72352941176471,2.9831881879469,10.4,NA,23.3,2019-05-11,NA,7,"1091174","BURNS+LAKE+DECKER+LAKE",1991,2026
"ISI","07-24",2001-07-24,4.07647058823529,2.38288937315728,8,NA,23.3,2019-05-11,NA,7,"1091174","BURNS+LAKE+DECKER+LAKE",1991,2026
"ISI","07-25",2001-07-25,3.82352941176471,2.38629666318039,8.8,NA,23.3,2019-05-11,NA,7,"1091174","BURNS+LAKE+DECKER+LAKE",1991,2026
"ISI","07-26",2001-07-26,4.49411764705882,3.22557564401986,10.9,NA,23.3,2019-05-11,NA,7,"1091174","BURNS+LAKE+DECKER+LAKE",1991,2026
"ISI","07-27",2001-07-27,4.04705882352941,3.03873280477628,9.8,NA,23.3,2019-05-11,NA,7,"1091174","BURNS+LAKE+DECKER+LAKE",1991,2026
"ISI","07-28",2001-07-28,4.62352941176471,3.28833723402967,12.9,NA,23.3,2019-05-11,NA,7,"1091174","BURNS+LAKE+DECKER+LAKE",1991,2026
"ISI","07-29",2001-07-29,5.28823529411765,3.17605934157038,10.7,NA,23.3,2019-05-11,NA,7,"1091174","BURNS+LAKE+DECKER+LAKE",1991,2026
"ISI","07-30",2001-07-30,4.23529411764706,3.28670450004077,12.7,NA,23.3,2019-05-11,NA,7,"1091174","BURNS+LAKE+DECKER+LAKE",1991,2026
"ISI","07-31",2001-07-31,4.77058823529412,3.31356392459131,12.3,NA,23.3,2019-05-11,NA,7,"1091174","BURNS+LAKE+DECKER+LAKE",1991,2026
"ISI","08-01",2001-08-01,5.35294117647059,3.9528656768,13.6,NA,23.3,2019-05-11,NA,8,"1091174","BURNS+LAKE+DECKER+LAKE",1991,2026
"ISI","08-02",2001-08-02,5.71764705882353,3.10186139562152,12.1,NA,23.3,2019-05-11,NA,8,"1091174","BURNS+LAKE+DECKER+LAKE",1991,2026
"ISI","08-03",2001-08-03,6.35882352941177,3.81396428003878,13.8,NA,23.3,2019-05-11,NA,8,"1091174","BURNS+LAKE+DECKER+LAKE",1991,2026
"ISI","08-04",2001-08-04,4.78235294117647,3.1727817633186,11.3,NA,23.3,2019-05-11,NA,8,"1091174","BURNS+LAKE+DECKER+LAKE",1991,2026
"ISI","08-05",2001-08-05,5.81176470588235,4.42491276085489,14,NA,23.3,2019-05-11,NA,8,"1091174","BURNS+LAKE+DECKER+LAKE",1991,2026
"ISI","08-06",2001-08-06,5.32941176470588,3.32730459717065,10.9,NA,23.3,2019-05-11,NA,8,"1091174","BURNS+LAKE+DECKER+LAKE",1991,2026
"ISI","08-07",2001-08-07,3.97647058823529,2.96047492215453,9.4,NA,23.3,2019-05-11,NA,8,"1091174","BURNS+LAKE+DECKER+LAKE",1991,2026
"ISI","08-08",2001-08-08,4.11764705882353,2.68310344892758,9.3,NA,23.3,2019-05-11,NA,8,"1091174","BURNS+LAKE+DECKER+LAKE",1991,2026
"ISI","08-09",2001-08-09,4.68235294117647,3.36605022506306,12,NA,23.3,2019-05-11,NA,8,"1091174","BURNS+LAKE+DECKER+LAKE",1991,2026
"ISI","08-10",2001-08-10,4.58823529411765,2.73835770876934,9.7,NA,23.3,2019-05-11,NA,8,"1091174","BURNS+LAKE+DECKER+LAKE",1991,2026
"ISI","08-11",2001-08-11,4.89411764705882,3.48792033098437,11.4,NA,23.3,2019-05-11,NA,8,"1091174","BURNS+LAKE+DECKER+LAKE",1991,2026
"ISI","08-12",2001-08-12,5.91176470588235,3.74147069227817,13.5,NA,23.3,2019-05-11,NA,8,"1091174","BURNS+LAKE+DECKER+LAKE",1991,2026
"ISI","08-13",2001-08-13,5.21764705882353,3.7418637224847,13.3,NA,23.3,2019-05-11,NA,8,"1091174","BURNS+LAKE+DECKER+LAKE",1991,2026
"ISI","08-14",2001-08-14,5.04117647058823,4.11142597275103,12.2,NA,23.3,2019-05-11,NA,8,"1091174","BURNS+LAKE+DECKER+LAKE",1991,2026
"ISI","08-15",2001-08-15,4.93529411764706,4.28280591091731,17.8,NA,23.3,2019-05-11,NA,8,"1091174","BURNS+LAKE+DECKER+LAKE",1991,2026
"ISI","08-16",2001-08-16,5.64117647058824,4.35747329646571,16.3,NA,23.3,2019-05-11,NA,8,"1091174","BURNS+LAKE+DECKER+LAKE",1991,2026
"ISI","08-17",2001-08-17,5.85882352941176,3.70625464983341,12.5,NA,23.3,2019-05-11,NA,8,"1091174","BURNS+LAKE+DECKER+LAKE",1991,2026
"ISI","08-18",2001-08-18,5.91176470588235,4.43774750759622,17,NA,23.3,2019-05-11,NA,8,"1091174","BURNS+LAKE+DECKER+LAKE",1991,2026
"ISI","08-19",2001-08-19,5,4.25279319976883,13.4,NA,23.3,2019-05-11,NA,8,"1091174","BURNS+LAKE+DECKER+LAKE",1991,2026
"ISI","08-20",2001-08-20,4.64705882352941,2.6479042767486,9.3,NA,23.3,2019-05-11,NA,8,"1091174","BURNS+LAKE+DECKER+LAKE",1991,2026
"ISI","08-21",2001-08-21,3.09411764705882,2.60587571370818,7.8,NA,23.3,2019-05-11,NA,8,"1091174","BURNS+LAKE+DECKER+LAKE",1991,2026
"ISI","08-22",2001-08-22,3.28235294117647,2.58849263426556,9.5,NA,23.3,2019-05-11,NA,8,"1091174","BURNS+LAKE+DECKER+LAKE",1991,2026
"ISI","08-23",2001-08-23,3.44117647058824,2.69700269362338,8.5,NA,23.3,2019-05-11,NA,8,"1091174","BURNS+LAKE+DECKER+LAKE",1991,2026
"ISI","08-24",2001-08-24,3.51764705882353,2.9219503961647,10.5,NA,23.3,2019-05-11,NA,8,"1091174","BURNS+LAKE+DECKER+LAKE",1991,2026
"ISI","08-25",2001-08-25,2.92941176470588,2.45045013872002,8.7,NA,23.3,2019-05-11,NA,8,"1091174","BURNS+LAKE+DECKER+LAKE",1991,2026
"ISI","08-26",2001-08-26,3.37058823529412,2.9158542285843,9.4,NA,23.3,2019-05-11,NA,8,"1091174","BURNS+LAKE+DECKER+LAKE",1991,2026
"ISI","08-27",2001-08-27,2.87058823529412,2.74812770488435,11.2,NA,23.3,2019-05-11,NA,8,"1091174","BURNS+LAKE+DECKER+LAKE",1991,2026
"ISI","08-28",2001-08-28,2.84705882352941,1.5792077313715,9.5,NA,23.3,2019-05-11,NA,8,"1091174","BURNS+LAKE+DECKER+LAKE",1991,2026
"ISI","08-29",2001-08-29,2.72941176470588,1.9202098537277,8.1,NA,23.3,2019-05-11,NA,8,"1091174","BURNS+LAKE+DECKER+LAKE",1991,2026
"ISI","08-30",2001-08-30,2.48235294117647,2.79982930151948,14.5,NA,23.3,2019-05-11,NA,8,"1091174","BURNS+LAKE+DECKER+LAKE",1991,2026
"ISI","08-31",2001-08-31,3.1,2.84319362689213,7.9,NA,23.3,2019-05-11,NA,8,"1091174","BURNS+LAKE+DECKER+LAKE",1991,2026
"ISI","09-01",2001-09-01,2.84117647058823,1.90001934974667,6.4,NA,23.3,2019-05-11,NA,9,"1091174","BURNS+LAKE+DECKER+LAKE",1991,2026
"ISI","09-02",2001-09-02,3.37647058823529,2.91837484993033,8.8,NA,23.3,2019-05-11,NA,9,"1091174","BURNS+LAKE+DECKER+LAKE",1991,2026
"ISI","09-03",2001-09-03,3.14117647058824,1.95290131071997,7.9,NA,23.3,2019-05-11,NA,9,"1091174","BURNS+LAKE+DECKER+LAKE",1991,2026
"ISI","09-04",2001-09-04,3.41176470588235,2.19228258698017,6.9,NA,23.3,2019-05-11,NA,9,"1091174","BURNS+LAKE+DECKER+LAKE",1991,2026
"ISI","09-05",2001-09-05,3.64117647058824,2.46806068187388,7.8,NA,23.3,2019-05-11,NA,9,"1091174","BURNS+LAKE+DECKER+LAKE",1991,2026
"ISI","09-06",2001-09-06,3.58235294117647,2.75346038970003,8,NA,23.3,2019-05-11,NA,9,"1091174","BURNS+LAKE+DECKER+LAKE",1991,2026
"ISI","09-07",2001-09-07,3.07058823529412,2.55850657266167,8.4,NA,23.3,2019-05-11,NA,9,"1091174","BURNS+LAKE+DECKER+LAKE",1991,2026
"ISI","09-08",2001-09-08,2.44117647058824,2.55368822087031,6.9,NA,23.3,2019-05-11,NA,9,"1091174","BURNS+LAKE+DECKER+LAKE",1991,2026
"ISI","09-09",2001-09-09,2.65294117647059,2.48120878984892,7.2,NA,23.3,2019-05-11,NA,9,"1091174","BURNS+LAKE+DECKER+LAKE",1991,2026
"ISI","09-10",2001-09-10,2.71176470588235,2.33502739623681,7.9,NA,23.3,2019-05-11,NA,9,"1091174","BURNS+LAKE+DECKER+LAKE",1991,2026
"ISI","09-11",2001-09-11,2.79411764705882,2.57960040225112,7.9,NA,23.3,2019-05-11,NA,9,"1091174","BURNS+LAKE+DECKER+LAKE",1991,2026
"ISI","09-12",2001-09-12,2.89411764705882,2.08310783093293,6.9,NA,23.3,2019-05-11,NA,9,"1091174","BURNS+LAKE+DECKER+LAKE",1991,2026
"ISI","09-13",2001-09-13,3.78823529411765,3.11445869151872,10.4,NA,23.3,2019-05-11,NA,9,"1091174","BURNS+LAKE+DECKER+LAKE",1991,2026
"ISI","09-14",2001-09-14,3.44705882352941,2.74433909326518,9,NA,23.3,2019-05-11,NA,9,"1091174","BURNS+LAKE+DECKER+LAKE",1991,2026
"ISI","09-15",2001-09-15,3.45294117647059,3.08486580888432,12.6,NA,23.3,2019-05-11,NA,9,"1091174","BURNS+LAKE+DECKER+LAKE",1991,2026
"ISI","09-16",2001-09-16,3.19375,1.82591301362725,6.2,NA,23.3,2019-05-11,NA,9,"1091174","BURNS+LAKE+DECKER+LAKE",1991,2026
"ISI","09-17",2001-09-17,3.41764705882353,2.04671544618373,7.8,NA,23.3,2019-05-11,NA,9,"1091174","BURNS+LAKE+DECKER+LAKE",1991,2026
"ISI","09-18",2001-09-18,3.35294117647059,2.82115172559427,9.4,NA,23.3,2019-05-11,NA,9,"1091174","BURNS+LAKE+DECKER+LAKE",1991,2026
"ISI","09-19",2001-09-19,3.33529411764706,2.83371248904829,10.3,NA,23.3,2019-05-11,NA,9,"1091174","BURNS+LAKE+DECKER+LAKE",1991,2026
"ISI","09-20",2001-09-20,3.69411764705882,2.79071464598123,9.5,NA,23.3,2019-05-11,NA,9,"1091174","BURNS+LAKE+DECKER+LAKE",1991,2026
"ISI","09-21",2001-09-21,3.87058823529412,2.72299575511108,10.7,NA,23.3,2019-05-11,NA,9,"1091174","BURNS+LAKE+DECKER+LAKE",1991,2026
"ISI","09-22",2001-09-22,3.94705882352941,2.4426209404702,8.1,NA,23.3,2019-05-11,NA,9,"1091174","BURNS+LAKE+DECKER+LAKE",1991,2026
"ISI","09-23",2001-09-23,3.28235294117647,2.07973414590593,7.9,NA,23.3,2019-05-11,NA,9,"1091174","BURNS+LAKE+DECKER+LAKE",1991,2026
"ISI","09-24",2001-09-24,2.28823529411765,1.98962381901114,6.4,NA,23.3,2019-05-11,NA,9,"1091174","BURNS+LAKE+DECKER+LAKE",1991,2026
"ISI","09-25",2001-09-25,1.91176470588235,1.99871282108673,7.3,NA,23.3,2019-05-11,NA,9,"1091174","BURNS+LAKE+DECKER+LAKE",1991,2026
"ISI","09-26",2001-09-26,1.86470588235294,1.60309902083066,5.2,NA,23.3,2019-05-11,NA,9,"1091174","BURNS+LAKE+DECKER+LAKE",1991,2026
"ISI","09-27",2001-09-27,2.47647058823529,2.02470041356885,7.7,NA,23.3,2019-05-11,NA,9,"1091174","BURNS+LAKE+DECKER+LAKE",1991,2026
"ISI","09-28",2001-09-28,2.32352941176471,1.83967708163848,6.9,NA,23.3,2019-05-11,NA,9,"1091174","BURNS+LAKE+DECKER+LAKE",1991,2026
"ISI","09-29",2001-09-29,2.06470588235294,2.14590924099512,8.2,NA,23.3,2019-05-11,NA,9,"1091174","BURNS+LAKE+DECKER+LAKE",1991,2026
"ISI","09-30",2001-09-30,2.23529411764706,1.88080474015466,5.4,NA,23.3,2019-05-11,NA,9,"1091174","BURNS+LAKE+DECKER+LAKE",1991,2026
"ISI","10-01",2001-10-01,2.56875,2.31422233158355,7.7,NA,23.3,2019-05-11,NA,10,"1091174","BURNS+LAKE+DECKER+LAKE",1991,2026
"ISI","10-02",2001-10-02,1.66,1.9689736267551,6.8,NA,23.3,2019-05-11,NA,10,"1091174","BURNS+LAKE+DECKER+LAKE",1991,2026
"ISI","10-03",2001-10-03,1.54375,1.44820290935582,4.4,NA,23.3,2019-05-11,NA,10,"1091174","BURNS+LAKE+DECKER+LAKE",1991,2026
"ISI","10-04",2001-10-04,2.05882352941176,1.58076675363944,5.4,NA,23.3,2019-05-11,NA,10,"1091174","BURNS+LAKE+DECKER+LAKE",1991,2026
"ISI","10-05",2001-10-05,2.35882352941176,1.93133982753211,7,NA,23.3,2019-05-11,NA,10,"1091174","BURNS+LAKE+DECKER+LAKE",1991,2026
"ISI","10-06",2001-10-06,2.25882352941176,2.43620063406357,9.8,NA,23.3,2019-05-11,NA,10,"1091174","BURNS+LAKE+DECKER+LAKE",1991,2026
"ISI","10-07",2001-10-07,1.84705882352941,1.75146997085977,5.9,NA,23.3,2019-05-11,NA,10,"1091174","BURNS+LAKE+DECKER+LAKE",1991,2026
"ISI","10-08",2001-10-08,1.03125,1.21639837224488,3.3,NA,23.3,2019-05-11,NA,10,"1091174","BURNS+LAKE+DECKER+LAKE",1991,2026
"ISI","10-09",2001-10-09,1.12142857142857,1.61825098910406,5.5,NA,23.3,2019-05-11,NA,10,"1091174","BURNS+LAKE+DECKER+LAKE",1991,2026
"ISI","10-10",2001-10-10,1.23846153846154,1.14056890887725,10.7,NA,23.3,2019-05-11,NA,10,"1091174","BURNS+LAKE+DECKER+LAKE",1991,2026
"ISI","10-11",2001-10-11,1.21538461538462,0.989819978452441,5.1,NA,23.3,2019-05-11,NA,10,"1091174","BURNS+LAKE+DECKER+LAKE",1991,2026
"ISI","10-12",2001-10-12,1.27333333333333,0.813692348553947,3.3,NA,23.3,2019-05-11,NA,10,"1091174","BURNS+LAKE+DECKER+LAKE",1991,2026
"ISI","10-13",2001-10-13,1.16666666666667,1.01465452717849,5.3,NA,23.3,2019-05-11,NA,10,"1091174","BURNS+LAKE+DECKER+LAKE",1991,2026
"ISI","10-14",2001-10-14,1.375,1.21792172709634,4.8,NA,23.3,2019-05-11,NA,10,"1091174","BURNS+LAKE+DECKER+LAKE",1991,2026
"ISI","10-15",2001-10-15,1.17333333333333,1.08197350552898,5.9,NA,23.3,2019-05-11,NA,10,"1091174","BURNS+LAKE+DECKER+LAKE",1991,2026
"ISI","10-16",2001-10-16,1.35714285714286,1.29062554047031,4.2,NA,23.3,2019-05-11,NA,10,"1091174","BURNS+LAKE+DECKER+LAKE",1991,2026
"ISI","10-17",2001-10-17,1.55833333333333,1.5506352559418,5.7,NA,23.3,2019-05-11,NA,10,"1091174","BURNS+LAKE+DECKER+LAKE",1991,2026
"ISI","10-18",2001-10-18,1.77272727272727,1.5849863779168,4.6,NA,23.3,2019-05-11,NA,10,"1091174","BURNS+LAKE+DECKER+LAKE",1991,2026
"ISI","10-19",2001-10-19,1.16666666666667,0.800378698246062,2.6,NA,23.3,2019-05-11,NA,10,"1091174","BURNS+LAKE+DECKER+LAKE",1991,2026
"ISI","10-20",2001-10-20,1.01666666666667,1.05815734637953,4.6,NA,23.3,2019-05-11,NA,10,"1091174","BURNS+LAKE+DECKER+LAKE",1991,2026
"ISI","10-21",2001-10-21,0.866666666666667,0.735259179205578,2.7,NA,23.3,2019-05-11,NA,10,"1091174","BURNS+LAKE+DECKER+LAKE",1991,2026
"ISI","10-22",2001-10-22,1.06923076923077,0.874056267624893,3.2,NA,23.3,2019-05-11,NA,10,"1091174","BURNS+LAKE+DECKER+LAKE",1991,2026
"ISI","10-23",2001-10-23,1.21818181818182,0.944264985920988,4.7,NA,23.3,2019-05-11,NA,10,"1091174","BURNS+LAKE+DECKER+LAKE",1991,2026
"ISI","10-24",2001-10-24,1.19166666666667,1.25514094343177,4.6,NA,23.3,2019-05-11,NA,10,"1091174","BURNS+LAKE+DECKER+LAKE",1991,2026
"ISI","10-25",2001-10-25,1.4,1.70176379089461,4.9,NA,23.3,2019-05-11,NA,10,"1091174","BURNS+LAKE+DECKER+LAKE",1991,2026
"ISI","10-26",2001-10-26,1.28181818181818,1.48244270163685,4.4,NA,23.3,2019-05-11,NA,10,"1091174","BURNS+LAKE+DECKER+LAKE",1991,2026
"ISI","10-27",2001-10-27,1.06666666666667,0.818535277187245,2.6,NA,23.3,2019-05-11,NA,10,"1091174","BURNS+LAKE+DECKER+LAKE",1991,2026
"ISI","10-28",2001-10-28,0.825,1.04300390356755,3.1,NA,23.3,2019-05-11,NA,10,"1091174","BURNS+LAKE+DECKER+LAKE",1991,2026
"ISI","10-29",2001-10-29,0.9125,1.21000295159026,3.5,NA,23.3,2019-05-11,NA,10,"1091174","BURNS+LAKE+DECKER+LAKE",1991,2026
"ISI","10-30",2001-10-30,1.15,1.68692450504292,4.8,NA,23.3,2019-05-11,NA,10,"1091174","BURNS+LAKE+DECKER+LAKE",1991,2026
"ISI","10-31",2001-10-31,1.96,3.13257082920722,7.4,NA,23.3,2019-05-11,NA,10,"1091174","BURNS+LAKE+DECKER+LAKE",1991,2026
