"MD","PLOT_DATE","clim_mean","clim_min","clim_max","q10","q25","q75","q90","PRECIP","PRECIP_CUM","ECCC_SOURCE","ECCC_AES","ECCC_STATION_ID","ECCC_STATION_NAME","hover_bar","pct_normal","hover_value","hover_mean","hover_band25","hover_band10","AES","NAME","por_start","por_end"
"04-01",2001-04-01,1.59666666666667,0,18.8,0,0,1.675,3.8,0,0,"TORONTO INTL A (ECCC AES 6158731; station_id 51459)","6158731",51459,"TORONTO INTL A","DATE: Apr-01<br><b>Daily precipitation</b><br>Value: 0.0 mm<br>Weather station: TORONTO INTL A (ECCC AES 6158731; station_id 51459)",0,"DATE: Apr-01<br><b>Cumulative precipitation</b><br>Value: 0.0 mm<br>Anomaly: -1.6 mm<br>Percent of normal: <b>0%</b><br>Weather station: TORONTO INTL A (ECCC AES 6158731; station_id 51459)","DATE: Apr-01<br><b>Normal cumulative precipitation</b><br>1.6 mm<br>Period: 1991-2020","DATE: Apr-01<br><b>25-75 percentile</b><br>0.0 to 1.7 mm","DATE: Apr-01<br><b>10-90 percentile</b><br>0.0 to 3.8 mm","6158733","TORONTO+LESTER+B.+PEARSON+INT",1953,2026
"04-02",2001-04-02,3.33666666666667,0,21.4,0,0,3.05,9.84000000000001,1.1,1.1,"TORONTO INTL A (ECCC AES 6158731; station_id 51459)","6158731",51459,"TORONTO INTL A","DATE: Apr-02<br><b>Daily precipitation</b><br>Value: 1.1 mm<br>Weather station: TORONTO INTL A (ECCC AES 6158731; station_id 51459)",32.967032967033,"DATE: Apr-02<br><b>Cumulative precipitation</b><br>Value: 1.1 mm<br>Anomaly: -2.2 mm<br>Percent of normal: <b>33%</b><br>Weather station: TORONTO INTL A (ECCC AES 6158731; station_id 51459)","DATE: Apr-02<br><b>Normal cumulative precipitation</b><br>3.3 mm<br>Period: 1991-2020","DATE: Apr-02<br><b>25-75 percentile</b><br>0.0 to 3.0 mm","DATE: Apr-02<br><b>10-90 percentile</b><br>0.0 to 9.8 mm","6158733","TORONTO+LESTER+B.+PEARSON+INT",1953,2026
"04-03",2001-04-03,8.59666666666667,0,42.2,0,0.45,10.35,20.86,3.4,4.5,"TORONTO INTL A (ECCC AES 6158731; station_id 51459)","6158731",51459,"TORONTO INTL A","DATE: Apr-03<br><b>Daily precipitation</b><br>Value: 3.4 mm<br>Weather station: TORONTO INTL A (ECCC AES 6158731; station_id 51459)",52.3458704924389,"DATE: Apr-03<br><b>Cumulative precipitation</b><br>Value: 4.5 mm<br>Anomaly: -4.1 mm<br>Percent of normal: <b>52%</b><br>Weather station: TORONTO INTL A (ECCC AES 6158731; station_id 51459)","DATE: Apr-03<br><b>Normal cumulative precipitation</b><br>8.6 mm<br>Period: 1991-2020","DATE: Apr-03<br><b>25-75 percentile</b><br>0.4 to 10.4 mm","DATE: Apr-03<br><b>10-90 percentile</b><br>0.0 to 20.9 mm","6158733","TORONTO+LESTER+B.+PEARSON+INT",1953,2026
"04-04",2001-04-04,11.4366666666667,0,42.2,0.18,1.325,17.7,26.46,15.4,19.9,"TORONTO INTL A (ECCC AES 6158731; station_id 51459)","6158731",51459,"TORONTO INTL A","DATE: Apr-04<br><b>Daily precipitation</b><br>Value: 15.4 mm<br>Weather station: TORONTO INTL A (ECCC AES 6158731; station_id 51459)",174.001748761294,"DATE: Apr-04<br><b>Cumulative precipitation</b><br>Value: 19.9 mm<br>Anomaly: +8.5 mm<br>Percent of normal: <b>174%</b><br>Weather station: TORONTO INTL A (ECCC AES 6158731; station_id 51459)","DATE: Apr-04<br><b>Normal cumulative precipitation</b><br>11.4 mm<br>Period: 1991-2020","DATE: Apr-04<br><b>25-75 percentile</b><br>1.3 to 17.7 mm","DATE: Apr-04<br><b>10-90 percentile</b><br>0.2 to 26.5 mm","6158733","TORONTO+LESTER+B.+PEARSON+INT",1953,2026
"04-05",2001-04-05,11.87,0,42.4,0.38,1.875,17.9,26.46,0.2,20.1,"TORONTO INTL A (ECCC AES 6158731; station_id 51459)","6158731",51459,"TORONTO INTL A","DATE: Apr-05<br><b>Daily precipitation</b><br>Value: 0.2 mm<br>Weather station: TORONTO INTL A (ECCC AES 6158731; station_id 51459)",169.334456613311,"DATE: Apr-05<br><b>Cumulative precipitation</b><br>Value: 20.1 mm<br>Anomaly: +8.2 mm<br>Percent of normal: <b>169%</b><br>Weather station: TORONTO INTL A (ECCC AES 6158731; station_id 51459)","DATE: Apr-05<br><b>Normal cumulative precipitation</b><br>11.9 mm<br>Period: 1991-2020","DATE: Apr-05<br><b>25-75 percentile</b><br>1.9 to 17.9 mm","DATE: Apr-05<br><b>10-90 percentile</b><br>0.4 to 26.5 mm","6158733","TORONTO+LESTER+B.+PEARSON+INT",1953,2026
"04-06",2001-04-06,15.0166666666667,0,60.2,0.4,5.5,20.3,34.86,1.5,21.6,"TORONTO INTL A (ECCC AES 6158731; station_id 51459)","6158731",51459,"TORONTO INTL A","DATE: Apr-06<br><b>Daily precipitation</b><br>Value: 1.5 mm<br>Weather station: TORONTO INTL A (ECCC AES 6158731; station_id 51459)",143.840177580466,"DATE: Apr-06<br><b>Cumulative precipitation</b><br>Value: 21.6 mm<br>Anomaly: +6.6 mm<br>Percent of normal: <b>144%</b><br>Weather station: TORONTO INTL A (ECCC AES 6158731; station_id 51459)","DATE: Apr-06<br><b>Normal cumulative precipitation</b><br>15.0 mm<br>Period: 1991-2020","DATE: Apr-06<br><b>25-75 percentile</b><br>5.5 to 20.3 mm","DATE: Apr-06<br><b>10-90 percentile</b><br>0.4 to 34.9 mm","6158733","TORONTO+LESTER+B.+PEARSON+INT",1953,2026
"04-07",2001-04-07,17.5066666666667,0.4,60.2,3.19,6.35,22.35,37.26,0,21.6,"TORONTO INTL A (ECCC AES 6158731; station_id 51459)","6158731",51459,"TORONTO INTL A","DATE: Apr-07<br><b>Daily precipitation</b><br>Value: 0.0 mm<br>Weather station: TORONTO INTL A (ECCC AES 6158731; station_id 51459)",123.381568926123,"DATE: Apr-07<br><b>Cumulative precipitation</b><br>Value: 21.6 mm<br>Anomaly: +4.1 mm<br>Percent of normal: <b>123%</b><br>Weather station: TORONTO INTL A (ECCC AES 6158731; station_id 51459)","DATE: Apr-07<br><b>Normal cumulative precipitation</b><br>17.5 mm<br>Period: 1991-2020","DATE: Apr-07<br><b>25-75 percentile</b><br>6.4 to 22.4 mm","DATE: Apr-07<br><b>10-90 percentile</b><br>3.2 to 37.3 mm","6158733","TORONTO+LESTER+B.+PEARSON+INT",1953,2026
"04-08",2001-04-08,21.2166666666667,0.7,60.2,5.12,10.3,27.375,38.33,0,21.6,"TORONTO INTL A (ECCC AES 6158731; station_id 51459)","6158731",51459,"TORONTO INTL A","DATE: Apr-08<br><b>Daily precipitation</b><br>Value: 0.0 mm<br>Weather station: TORONTO INTL A (ECCC AES 6158731; station_id 51459)",101.806755695208,"DATE: Apr-08<br><b>Cumulative precipitation</b><br>Value: 21.6 mm<br>Anomaly: +0.4 mm<br>Percent of normal: <b>102%</b><br>Weather station: TORONTO INTL A (ECCC AES 6158731; station_id 51459)","DATE: Apr-08<br><b>Normal cumulative precipitation</b><br>21.2 mm<br>Period: 1991-2020","DATE: Apr-08<br><b>25-75 percentile</b><br>10.3 to 27.4 mm","DATE: Apr-08<br><b>10-90 percentile</b><br>5.1 to 38.3 mm","6158733","TORONTO+LESTER+B.+PEARSON+INT",1953,2026
"04-09",2001-04-09,23.43,0.7,60.2,5.12,12.7,31.7,44.38,0,21.6,"TORONTO INTL A (ECCC AES 6158731; station_id 51459)","6158731",51459,"TORONTO INTL A","DATE: Apr-09<br><b>Daily precipitation</b><br>Value: 0.0 mm<br>Weather station: TORONTO INTL A (ECCC AES 6158731; station_id 51459)",92.1895006402049,"DATE: Apr-09<br><b>Cumulative precipitation</b><br>Value: 21.6 mm<br>Anomaly: -1.8 mm<br>Percent of normal: <b>92%</b><br>Weather station: TORONTO INTL A (ECCC AES 6158731; station_id 51459)","DATE: Apr-09<br><b>Normal cumulative precipitation</b><br>23.4 mm<br>Period: 1991-2020","DATE: Apr-09<br><b>25-75 percentile</b><br>12.7 to 31.7 mm","DATE: Apr-09<br><b>10-90 percentile</b><br>5.1 to 44.4 mm","6158733","TORONTO+LESTER+B.+PEARSON+INT",1953,2026
"04-10",2001-04-10,24.6633333333333,3.2,60.2,5.12,13,34.2,44.78,9.2,30.8,"TORONTO INTL A (ECCC AES 6158731; station_id 51459)","6158731",51459,"TORONTO INTL A","DATE: Apr-10<br><b>Daily precipitation</b><br>Value: 9.2 mm<br>Weather station: TORONTO INTL A (ECCC AES 6158731; station_id 51459)",124.881740775781,"DATE: Apr-10<br><b>Cumulative precipitation</b><br>Value: 30.8 mm<br>Anomaly: +6.1 mm<br>Percent of normal: <b>125%</b><br>Weather station: TORONTO INTL A (ECCC AES 6158731; station_id 51459)","DATE: Apr-10<br><b>Normal cumulative precipitation</b><br>24.7 mm<br>Period: 1991-2020","DATE: Apr-10<br><b>25-75 percentile</b><br>13.0 to 34.2 mm","DATE: Apr-10<br><b>10-90 percentile</b><br>5.1 to 44.8 mm","6158733","TORONTO+LESTER+B.+PEARSON+INT",1953,2026
"04-11",2001-04-11,28.43,3.2,60.2,6.64,17.45,36.9,53.71,0,30.8,"TORONTO INTL A (ECCC AES 6158731; station_id 51459)","6158731",51459,"TORONTO INTL A","DATE: Apr-11<br><b>Daily precipitation</b><br>Value: 0.0 mm<br>Weather station: TORONTO INTL A (ECCC AES 6158731; station_id 51459)",108.336264509321,"DATE: Apr-11<br><b>Cumulative precipitation</b><br>Value: 30.8 mm<br>Anomaly: +2.4 mm<br>Percent of normal: <b>108%</b><br>Weather station: TORONTO INTL A (ECCC AES 6158731; station_id 51459)","DATE: Apr-11<br><b>Normal cumulative precipitation</b><br>28.4 mm<br>Period: 1991-2020","DATE: Apr-11<br><b>25-75 percentile</b><br>17.4 to 36.9 mm","DATE: Apr-11<br><b>10-90 percentile</b><br>6.6 to 53.7 mm","6158733","TORONTO+LESTER+B.+PEARSON+INT",1953,2026
"04-12",2001-04-12,32.37,3.2,71.2,11.74,19.75,41.2,55.24,2.8,33.6,"TORONTO INTL A (ECCC AES 6158731; station_id 51459)","6158731",51459,"TORONTO INTL A","DATE: Apr-12<br><b>Daily precipitation</b><br>Value: 2.8 mm<br>Weather station: TORONTO INTL A (ECCC AES 6158731; station_id 51459)",103.799814643188,"DATE: Apr-12<br><b>Cumulative precipitation</b><br>Value: 33.6 mm<br>Anomaly: +1.2 mm<br>Percent of normal: <b>104%</b><br>Weather station: TORONTO INTL A (ECCC AES 6158731; station_id 51459)","DATE: Apr-12<br><b>Normal cumulative precipitation</b><br>32.4 mm<br>Period: 1991-2020","DATE: Apr-12<br><b>25-75 percentile</b><br>19.8 to 41.2 mm","DATE: Apr-12<br><b>10-90 percentile</b><br>11.7 to 55.2 mm","6158733","TORONTO+LESTER+B.+PEARSON+INT",1953,2026
"04-13",2001-04-13,35.0033333333333,3.2,72.6,11.8,22.25,45.5,60.11,0.4,34,"TORONTO INTL A (ECCC AES 6158731; station_id 51459)","6158731",51459,"TORONTO INTL A","DATE: Apr-13<br><b>Daily precipitation</b><br>Value: 0.4 mm<br>Weather station: TORONTO INTL A (ECCC AES 6158731; station_id 51459)",97.1336063232073,"DATE: Apr-13<br><b>Cumulative precipitation</b><br>Value: 34.0 mm<br>Anomaly: -1.0 mm<br>Percent of normal: <b>97%</b><br>Weather station: TORONTO INTL A (ECCC AES 6158731; station_id 51459)","DATE: Apr-13<br><b>Normal cumulative precipitation</b><br>35.0 mm<br>Period: 1991-2020","DATE: Apr-13<br><b>25-75 percentile</b><br>22.2 to 45.5 mm","DATE: Apr-13<br><b>10-90 percentile</b><br>11.8 to 60.1 mm","6158733","TORONTO+LESTER+B.+PEARSON+INT",1953,2026
"04-14",2001-04-14,37.7566666666667,3.2,74.8,14.16,27.5,51.1,61.81,18.8,52.8,"TORONTO INTL A (ECCC AES 6158731; station_id 51459)","6158731",51459,"TORONTO INTL A","DATE: Apr-14<br><b>Daily precipitation</b><br>Value: 18.8 mm<br>Weather station: TORONTO INTL A (ECCC AES 6158731; station_id 51459)",139.84285335923,"DATE: Apr-14<br><b>Cumulative precipitation</b><br>Value: 52.8 mm<br>Anomaly: +15.0 mm<br>Percent of normal: <b>140%</b><br>Weather station: TORONTO INTL A (ECCC AES 6158731; station_id 51459)","DATE: Apr-14<br><b>Normal cumulative precipitation</b><br>37.8 mm<br>Period: 1991-2020","DATE: Apr-14<br><b>25-75 percentile</b><br>27.5 to 51.1 mm","DATE: Apr-14<br><b>10-90 percentile</b><br>14.2 to 61.8 mm","6158733","TORONTO+LESTER+B.+PEARSON+INT",1953,2026
"04-15",2001-04-15,39.9866666666667,5.8,103,14.34,27.5,56.85,62.88,22.7,75.5,"TORONTO INTL A (ECCC AES 6158731; station_id 51459)","6158731",51459,"TORONTO INTL A","DATE: Apr-15<br><b>Daily precipitation</b><br>Value: 22.7 mm<br>Weather station: TORONTO INTL A (ECCC AES 6158731; station_id 51459)",188.812937645882,"DATE: Apr-15<br><b>Cumulative precipitation</b><br>Value: 75.5 mm<br>Anomaly: +35.5 mm<br>Percent of normal: <b>189%</b><br>Weather station: TORONTO INTL A (ECCC AES 6158731; station_id 51459)","DATE: Apr-15<br><b>Normal cumulative precipitation</b><br>40.0 mm<br>Period: 1991-2020","DATE: Apr-15<br><b>25-75 percentile</b><br>27.5 to 56.8 mm","DATE: Apr-15<br><b>10-90 percentile</b><br>14.3 to 62.9 mm","6158733","TORONTO+LESTER+B.+PEARSON+INT",1953,2026
"04-16",2001-04-16,44.18,5.8,121.6,20.72,30.5,57.6,73.5,7.5,83,"TORONTO INTL A (ECCC AES 6158731; station_id 51459)","6158731",51459,"TORONTO INTL A","DATE: Apr-16<br><b>Daily precipitation</b><br>Value: 7.5 mm<br>Weather station: TORONTO INTL A (ECCC AES 6158731; station_id 51459)",187.867813490267,"DATE: Apr-16<br><b>Cumulative precipitation</b><br>Value: 83.0 mm<br>Anomaly: +38.8 mm<br>Percent of normal: <b>188%</b><br>Weather station: TORONTO INTL A (ECCC AES 6158731; station_id 51459)","DATE: Apr-16<br><b>Normal cumulative precipitation</b><br>44.2 mm<br>Period: 1991-2020","DATE: Apr-16<br><b>25-75 percentile</b><br>30.5 to 57.6 mm","DATE: Apr-16<br><b>10-90 percentile</b><br>20.7 to 73.5 mm","6158733","TORONTO+LESTER+B.+PEARSON+INT",1953,2026
"04-17",2001-04-17,44.8766666666667,5.8,121.8,20.72,30.5,57.7,75.08,0,83,"TORONTO INTL A (ECCC AES 6158731; station_id 51459)","6158731",51459,"TORONTO INTL A","DATE: Apr-17<br><b>Daily precipitation</b><br>Value: 0.0 mm<br>Weather station: TORONTO INTL A (ECCC AES 6158731; station_id 51459)",184.951348139345,"DATE: Apr-17<br><b>Cumulative precipitation</b><br>Value: 83.0 mm<br>Anomaly: +38.1 mm<br>Percent of normal: <b>185%</b><br>Weather station: TORONTO INTL A (ECCC AES 6158731; station_id 51459)","DATE: Apr-17<br><b>Normal cumulative precipitation</b><br>44.9 mm<br>Period: 1991-2020","DATE: Apr-17<br><b>25-75 percentile</b><br>30.5 to 57.7 mm","DATE: Apr-17<br><b>10-90 percentile</b><br>20.7 to 75.1 mm","6158733","TORONTO+LESTER+B.+PEARSON+INT",1953,2026
"04-18",2001-04-18,45.69,5.8,121.8,20.72,31.125,57.7,76.36,6.9,89.9,"TORONTO INTL A (ECCC AES 6158731; station_id 51459)","6158731",51459,"TORONTO INTL A","DATE: Apr-18<br><b>Daily precipitation</b><br>Value: 6.9 mm<br>Weather station: TORONTO INTL A (ECCC AES 6158731; station_id 51459)",196.760779163931,"DATE: Apr-18<br><b>Cumulative precipitation</b><br>Value: 89.9 mm<br>Anomaly: +44.2 mm<br>Percent of normal: <b>197%</b><br>Weather station: TORONTO INTL A (ECCC AES 6158731; station_id 51459)","DATE: Apr-18<br><b>Normal cumulative precipitation</b><br>45.7 mm<br>Period: 1991-2020","DATE: Apr-18<br><b>25-75 percentile</b><br>31.1 to 57.7 mm","DATE: Apr-18<br><b>10-90 percentile</b><br>20.7 to 76.4 mm","6158733","TORONTO+LESTER+B.+PEARSON+INT",1953,2026
"04-19",2001-04-19,48.3133333333333,5.8,121.8,25.41,32.225,59.5,83.46,1.6,91.5,"TORONTO INTL A (ECCC AES 6158731; station_id 51459)","6158731",51459,"TORONTO INTL A","DATE: Apr-19<br><b>Daily precipitation</b><br>Value: 1.6 mm<br>Weather station: TORONTO INTL A (ECCC AES 6158731; station_id 51459)",189.388712570719,"DATE: Apr-19<br><b>Cumulative precipitation</b><br>Value: 91.5 mm<br>Anomaly: +43.2 mm<br>Percent of normal: <b>189%</b><br>Weather station: TORONTO INTL A (ECCC AES 6158731; station_id 51459)","DATE: Apr-19<br><b>Normal cumulative precipitation</b><br>48.3 mm<br>Period: 1991-2020","DATE: Apr-19<br><b>25-75 percentile</b><br>32.2 to 59.5 mm","DATE: Apr-19<br><b>10-90 percentile</b><br>25.4 to 83.5 mm","6158733","TORONTO+LESTER+B.+PEARSON+INT",1953,2026
"04-20",2001-04-20,54.2733333333333,9.8,121.8,25.41,32.8,71.875,88.4,0,91.5,"TORONTO INTL A (ECCC AES 6158731; station_id 51459)","6158731",51459,"TORONTO INTL A","DATE: Apr-20<br><b>Daily precipitation</b><br>Value: 0.0 mm<br>Weather station: TORONTO INTL A (ECCC AES 6158731; station_id 51459)",168.591082176637,"DATE: Apr-20<br><b>Cumulative precipitation</b><br>Value: 91.5 mm<br>Anomaly: +37.2 mm<br>Percent of normal: <b>169%</b><br>Weather station: TORONTO INTL A (ECCC AES 6158731; station_id 51459)","DATE: Apr-20<br><b>Normal cumulative precipitation</b><br>54.3 mm<br>Period: 1991-2020","DATE: Apr-20<br><b>25-75 percentile</b><br>32.8 to 71.9 mm","DATE: Apr-20<br><b>10-90 percentile</b><br>25.4 to 88.4 mm","6158733","TORONTO+LESTER+B.+PEARSON+INT",1953,2026
"04-21",2001-04-21,57.3266666666667,16.4,121.8,29.79,34.25,76.725,89.28,0,91.5,"TORONTO INTL A (ECCC AES 6158731; station_id 51459)","6158731",51459,"TORONTO INTL A","DATE: Apr-21<br><b>Daily precipitation</b><br>Value: 0.0 mm<br>Weather station: TORONTO INTL A (ECCC AES 6158731; station_id 51459)",159.611582742179,"DATE: Apr-21<br><b>Cumulative precipitation</b><br>Value: 91.5 mm<br>Anomaly: +34.2 mm<br>Percent of normal: <b>160%</b><br>Weather station: TORONTO INTL A (ECCC AES 6158731; station_id 51459)","DATE: Apr-21<br><b>Normal cumulative precipitation</b><br>57.3 mm<br>Period: 1991-2020","DATE: Apr-21<br><b>25-75 percentile</b><br>34.2 to 76.7 mm","DATE: Apr-21<br><b>10-90 percentile</b><br>29.8 to 89.3 mm","6158733","TORONTO+LESTER+B.+PEARSON+INT",1953,2026
"04-22",2001-04-22,59.2,16.4,121.8,32.52,37.9,79.125,89.28,0,91.5,"TORONTO INTL A (ECCC AES 6158731; station_id 51459)","6158731",51459,"TORONTO INTL A","DATE: Apr-22<br><b>Daily precipitation</b><br>Value: 0.0 mm<br>Weather station: TORONTO INTL A (ECCC AES 6158731; station_id 51459)",154.560810810811,"DATE: Apr-22<br><b>Cumulative precipitation</b><br>Value: 91.5 mm<br>Anomaly: +32.3 mm<br>Percent of normal: <b>155%</b><br>Weather station: TORONTO INTL A (ECCC AES 6158731; station_id 51459)","DATE: Apr-22<br><b>Normal cumulative precipitation</b><br>59.2 mm<br>Period: 1991-2020","DATE: Apr-22<br><b>25-75 percentile</b><br>37.9 to 79.1 mm","DATE: Apr-22<br><b>10-90 percentile</b><br>32.5 to 89.3 mm","6158733","TORONTO+LESTER+B.+PEARSON+INT",1953,2026
"04-23",2001-04-23,62.1166666666667,18.6,121.8,32.52,43.05,79.125,89.71,0,91.5,"TORONTO INTL A (ECCC AES 6158731; station_id 51459)","6158731",51459,"TORONTO INTL A","DATE: Apr-23<br><b>Daily precipitation</b><br>Value: 0.0 mm<br>Weather station: TORONTO INTL A (ECCC AES 6158731; station_id 51459)",147.30346122887,"DATE: Apr-23<br><b>Cumulative precipitation</b><br>Value: 91.5 mm<br>Anomaly: +29.4 mm<br>Percent of normal: <b>147%</b><br>Weather station: TORONTO INTL A (ECCC AES 6158731; station_id 51459)","DATE: Apr-23<br><b>Normal cumulative precipitation</b><br>62.1 mm<br>Period: 1991-2020","DATE: Apr-23<br><b>25-75 percentile</b><br>43.0 to 79.1 mm","DATE: Apr-23<br><b>10-90 percentile</b><br>32.5 to 89.7 mm","6158733","TORONTO+LESTER+B.+PEARSON+INT",1953,2026
"04-24",2001-04-24,64.3233333333333,20.4,126,32.78,44.35,81.775,100.92,3.5,95,"TORONTO INTL A (ECCC AES 6158731; station_id 51459)","6158731",51459,"TORONTO INTL A","DATE: Apr-24<br><b>Daily precipitation</b><br>Value: 3.5 mm<br>Weather station: TORONTO INTL A (ECCC AES 6158731; station_id 51459)",147.6913509872,"DATE: Apr-24<br><b>Cumulative precipitation</b><br>Value: 95.0 mm<br>Anomaly: +30.7 mm<br>Percent of normal: <b>148%</b><br>Weather station: TORONTO INTL A (ECCC AES 6158731; station_id 51459)","DATE: Apr-24<br><b>Normal cumulative precipitation</b><br>64.3 mm<br>Period: 1991-2020","DATE: Apr-24<br><b>25-75 percentile</b><br>44.4 to 81.8 mm","DATE: Apr-24<br><b>10-90 percentile</b><br>32.8 to 100.9 mm","6158733","TORONTO+LESTER+B.+PEARSON+INT",1953,2026
"04-25",2001-04-25,68.09,20.4,144.8,33.16,48.525,82.075,101.82,17.5,112.5,"TORONTO INTL A (ECCC AES 6158731; station_id 51459)","6158731",51459,"TORONTO INTL A","DATE: Apr-25<br><b>Daily precipitation</b><br>Value: 17.5 mm<br>Weather station: TORONTO INTL A (ECCC AES 6158731; station_id 51459)",165.222499632839,"DATE: Apr-25<br><b>Cumulative precipitation</b><br>Value: 112.5 mm<br>Anomaly: +44.4 mm<br>Percent of normal: <b>165%</b><br>Weather station: TORONTO INTL A (ECCC AES 6158731; station_id 51459)","DATE: Apr-25<br><b>Normal cumulative precipitation</b><br>68.1 mm<br>Period: 1991-2020","DATE: Apr-25<br><b>25-75 percentile</b><br>48.5 to 82.1 mm","DATE: Apr-25<br><b>10-90 percentile</b><br>33.2 to 101.8 mm","6158733","TORONTO+LESTER+B.+PEARSON+INT",1953,2026
"04-26",2001-04-26,71.2033333333333,20.4,145.4,35.6,54.65,90.1,101.82,0,112.5,"TORONTO INTL A (ECCC AES 6158731; station_id 51459)","6158731",51459,"TORONTO INTL A","DATE: Apr-26<br><b>Daily precipitation</b><br>Value: 0.0 mm<br>Weather station: TORONTO INTL A (ECCC AES 6158731; station_id 51459)",157.998221057067,"DATE: Apr-26<br><b>Cumulative precipitation</b><br>Value: 112.5 mm<br>Anomaly: +41.3 mm<br>Percent of normal: <b>158%</b><br>Weather station: TORONTO INTL A (ECCC AES 6158731; station_id 51459)","DATE: Apr-26<br><b>Normal cumulative precipitation</b><br>71.2 mm<br>Period: 1991-2020","DATE: Apr-26<br><b>25-75 percentile</b><br>54.6 to 90.1 mm","DATE: Apr-26<br><b>10-90 percentile</b><br>35.6 to 101.8 mm","6158733","TORONTO+LESTER+B.+PEARSON+INT",1953,2026
"04-27",2001-04-27,72.4166666666667,24.2,148.4,35.96,54.65,91.55,101.82,0,112.5,"TORONTO INTL A (ECCC AES 6158731; station_id 51459)","6158731",51459,"TORONTO INTL A","DATE: Apr-27<br><b>Daily precipitation</b><br>Value: 0.0 mm<br>Weather station: TORONTO INTL A (ECCC AES 6158731; station_id 51459)",155.350978135788,"DATE: Apr-27<br><b>Cumulative precipitation</b><br>Value: 112.5 mm<br>Anomaly: +40.1 mm<br>Percent of normal: <b>155%</b><br>Weather station: TORONTO INTL A (ECCC AES 6158731; station_id 51459)","DATE: Apr-27<br><b>Normal cumulative precipitation</b><br>72.4 mm<br>Period: 1991-2020","DATE: Apr-27<br><b>25-75 percentile</b><br>54.6 to 91.5 mm","DATE: Apr-27<br><b>10-90 percentile</b><br>36.0 to 101.8 mm","6158733","TORONTO+LESTER+B.+PEARSON+INT",1953,2026
"04-28",2001-04-28,74.87,29,150.2,35.96,55.25,96.55,110.72,1.6,114.1,"TORONTO INTL A (ECCC AES 6158731; station_id 51459)","6158731",51459,"TORONTO INTL A","DATE: Apr-28<br><b>Daily precipitation</b><br>Value: 1.6 mm<br>Weather station: TORONTO INTL A (ECCC AES 6158731; station_id 51459)",152.3974889809,"DATE: Apr-28<br><b>Cumulative precipitation</b><br>Value: 114.1 mm<br>Anomaly: +39.2 mm<br>Percent of normal: <b>152%</b><br>Weather station: TORONTO INTL A (ECCC AES 6158731; station_id 51459)","DATE: Apr-28<br><b>Normal cumulative precipitation</b><br>74.9 mm<br>Period: 1991-2020","DATE: Apr-28<br><b>25-75 percentile</b><br>55.2 to 96.5 mm","DATE: Apr-28<br><b>10-90 percentile</b><br>36.0 to 110.7 mm","6158733","TORONTO+LESTER+B.+PEARSON+INT",1953,2026
"04-29",2001-04-29,76.0433333333333,29,150.6,36.06,55.25,96.55,110.9,0.4,114.5,"TORONTO INTL A (ECCC AES 6158731; station_id 51459)","6158731",51459,"TORONTO INTL A","DATE: Apr-29<br><b>Daily precipitation</b><br>Value: 0.4 mm<br>Weather station: TORONTO INTL A (ECCC AES 6158731; station_id 51459)",150.572042256608,"DATE: Apr-29<br><b>Cumulative precipitation</b><br>Value: 114.5 mm<br>Anomaly: +38.5 mm<br>Percent of normal: <b>151%</b><br>Weather station: TORONTO INTL A (ECCC AES 6158731; station_id 51459)","DATE: Apr-29<br><b>Normal cumulative precipitation</b><br>76.0 mm<br>Period: 1991-2020","DATE: Apr-29<br><b>25-75 percentile</b><br>55.2 to 96.5 mm","DATE: Apr-29<br><b>10-90 percentile</b><br>36.1 to 110.9 mm","6158733","TORONTO+LESTER+B.+PEARSON+INT",1953,2026
"04-30",2001-04-30,79.2733333333333,29.2,150.6,40.54,55.25,100.6,117.22,0,114.5,"TORONTO INTL A (ECCC AES 6158731; station_id 51459)","6158731",51459,"TORONTO INTL A","DATE: Apr-30<br><b>Daily precipitation</b><br>Value: 0.0 mm<br>Weather station: TORONTO INTL A (ECCC AES 6158731; station_id 51459)",144.436969136322,"DATE: Apr-30<br><b>Cumulative precipitation</b><br>Value: 114.5 mm<br>Anomaly: +35.2 mm<br>Percent of normal: <b>144%</b><br>Weather station: TORONTO INTL A (ECCC AES 6158731; station_id 51459)","DATE: Apr-30<br><b>Normal cumulative precipitation</b><br>79.3 mm<br>Period: 1991-2020","DATE: Apr-30<br><b>25-75 percentile</b><br>55.2 to 100.6 mm","DATE: Apr-30<br><b>10-90 percentile</b><br>40.5 to 117.2 mm","6158733","TORONTO+LESTER+B.+PEARSON+INT",1953,2026
"05-01",2001-05-01,82.2733333333333,30.2,150.6,41.78,58.7,106.85,130.4,0,114.5,"TORONTO INTL A (ECCC AES 6158731; station_id 51459)","6158731",51459,"TORONTO INTL A","DATE: May-01<br><b>Daily precipitation</b><br>Value: 0.0 mm<br>Weather station: TORONTO INTL A (ECCC AES 6158731; station_id 51459)",139.170245523053,"DATE: May-01<br><b>Cumulative precipitation</b><br>Value: 114.5 mm<br>Anomaly: +32.2 mm<br>Percent of normal: <b>139%</b><br>Weather station: TORONTO INTL A (ECCC AES 6158731; station_id 51459)","DATE: May-01<br><b>Normal cumulative precipitation</b><br>82.3 mm<br>Period: 1991-2020","DATE: May-01<br><b>25-75 percentile</b><br>58.7 to 106.8 mm","DATE: May-01<br><b>10-90 percentile</b><br>41.8 to 130.4 mm","6158733","TORONTO+LESTER+B.+PEARSON+INT",1953,2026
"05-02",2001-05-02,86.0033333333333,31.6,178.2,42.44,60.9,109.95,131.54,0,114.5,"TORONTO INTL A (ECCC AES 6158731; station_id 51459)","6158731",51459,"TORONTO INTL A","DATE: May-02<br><b>Daily precipitation</b><br>Value: 0.0 mm<br>Weather station: TORONTO INTL A (ECCC AES 6158731; station_id 51459)",133.134374636642,"DATE: May-02<br><b>Cumulative precipitation</b><br>Value: 114.5 mm<br>Anomaly: +28.5 mm<br>Percent of normal: <b>133%</b><br>Weather station: TORONTO INTL A (ECCC AES 6158731; station_id 51459)","DATE: May-02<br><b>Normal cumulative precipitation</b><br>86.0 mm<br>Period: 1991-2020","DATE: May-02<br><b>25-75 percentile</b><br>60.9 to 110.0 mm","DATE: May-02<br><b>10-90 percentile</b><br>42.4 to 131.5 mm","6158733","TORONTO+LESTER+B.+PEARSON+INT",1953,2026
"05-03",2001-05-03,89.2766666666667,36.4,178.2,48.29,60.9,110.55,131.54,0,114.5,"TORONTO INTL A (ECCC AES 6158731; station_id 51459)","6158731",51459,"TORONTO INTL A","DATE: May-03<br><b>Daily precipitation</b><br>Value: 0.0 mm<br>Weather station: TORONTO INTL A (ECCC AES 6158731; station_id 51459)",128.252996303625,"DATE: May-03<br><b>Cumulative precipitation</b><br>Value: 114.5 mm<br>Anomaly: +25.2 mm<br>Percent of normal: <b>128%</b><br>Weather station: TORONTO INTL A (ECCC AES 6158731; station_id 51459)","DATE: May-03<br><b>Normal cumulative precipitation</b><br>89.3 mm<br>Period: 1991-2020","DATE: May-03<br><b>25-75 percentile</b><br>60.9 to 110.5 mm","DATE: May-03<br><b>10-90 percentile</b><br>48.3 to 131.5 mm","6158733","TORONTO+LESTER+B.+PEARSON+INT",1953,2026
"05-04",2001-05-04,90.4966666666667,39.8,178.2,48.29,60.9,110.55,136.28,0,114.5,"TORONTO INTL A (ECCC AES 6158731; station_id 51459)","6158731",51459,"TORONTO INTL A","DATE: May-04<br><b>Daily precipitation</b><br>Value: 0.0 mm<br>Weather station: TORONTO INTL A (ECCC AES 6158731; station_id 51459)",126.523997200634,"DATE: May-04<br><b>Cumulative precipitation</b><br>Value: 114.5 mm<br>Anomaly: +24.0 mm<br>Percent of normal: <b>127%</b><br>Weather station: TORONTO INTL A (ECCC AES 6158731; station_id 51459)","DATE: May-04<br><b>Normal cumulative precipitation</b><br>90.5 mm<br>Period: 1991-2020","DATE: May-04<br><b>25-75 percentile</b><br>60.9 to 110.5 mm","DATE: May-04<br><b>10-90 percentile</b><br>48.3 to 136.3 mm","6158733","TORONTO+LESTER+B.+PEARSON+INT",1953,2026
"05-05",2001-05-05,93.1966666666667,39.8,178.2,48.63,61.4,110.55,137.92,2.2,116.7,"TORONTO INTL A (ECCC AES 6158731; station_id 51459)","6158731",51459,"TORONTO INTL A","DATE: May-05<br><b>Daily precipitation</b><br>Value: 2.2 mm<br>Weather station: TORONTO INTL A (ECCC AES 6158731; station_id 51459)",125.219070782217,"DATE: May-05<br><b>Cumulative precipitation</b><br>Value: 116.7 mm<br>Anomaly: +23.5 mm<br>Percent of normal: <b>125%</b><br>Weather station: TORONTO INTL A (ECCC AES 6158731; station_id 51459)","DATE: May-05<br><b>Normal cumulative precipitation</b><br>93.2 mm<br>Period: 1991-2020","DATE: May-05<br><b>25-75 percentile</b><br>61.4 to 110.5 mm","DATE: May-05<br><b>10-90 percentile</b><br>48.6 to 137.9 mm","6158733","TORONTO+LESTER+B.+PEARSON+INT",1953,2026
"05-06",2001-05-06,93.71,39.8,178.2,48.81,61.4,111.8,140.34,4.3,121,"TORONTO INTL A (ECCC AES 6158731; station_id 51459)","6158731",51459,"TORONTO INTL A","DATE: May-06<br><b>Daily precipitation</b><br>Value: 4.3 mm<br>Weather station: TORONTO INTL A (ECCC AES 6158731; station_id 51459)",129.12175861701,"DATE: May-06<br><b>Cumulative precipitation</b><br>Value: 121.0 mm<br>Anomaly: +27.3 mm<br>Percent of normal: <b>129%</b><br>Weather station: TORONTO INTL A (ECCC AES 6158731; station_id 51459)","DATE: May-06<br><b>Normal cumulative precipitation</b><br>93.7 mm<br>Period: 1991-2020","DATE: May-06<br><b>25-75 percentile</b><br>61.4 to 111.8 mm","DATE: May-06<br><b>10-90 percentile</b><br>48.8 to 140.3 mm","6158733","TORONTO+LESTER+B.+PEARSON+INT",1953,2026
"05-07",2001-05-07,95.1766666666667,39.8,178.2,55.13,63.3,111.8,142.14,0.2,121.2,"TORONTO INTL A (ECCC AES 6158731; station_id 51459)","6158731",51459,"TORONTO INTL A","DATE: May-07<br><b>Daily precipitation</b><br>Value: 0.2 mm<br>Weather station: TORONTO INTL A (ECCC AES 6158731; station_id 51459)",127.342135677512,"DATE: May-07<br><b>Cumulative precipitation</b><br>Value: 121.2 mm<br>Anomaly: +26.0 mm<br>Percent of normal: <b>127%</b><br>Weather station: TORONTO INTL A (ECCC AES 6158731; station_id 51459)","DATE: May-07<br><b>Normal cumulative precipitation</b><br>95.2 mm<br>Period: 1991-2020","DATE: May-07<br><b>25-75 percentile</b><br>63.3 to 111.8 mm","DATE: May-07<br><b>10-90 percentile</b><br>55.1 to 142.1 mm","6158733","TORONTO+LESTER+B.+PEARSON+INT",1953,2026
"05-08",2001-05-08,96.57,43.2,178.4,55.63,68.8,113.25,142.14,0.7,121.9,"TORONTO INTL A (ECCC AES 6158731; station_id 51459)","6158731",51459,"TORONTO INTL A","DATE: May-08<br><b>Daily precipitation</b><br>Value: 0.7 mm<br>Weather station: TORONTO INTL A (ECCC AES 6158731; station_id 51459)",126.229677953816,"DATE: May-08<br><b>Cumulative precipitation</b><br>Value: 121.9 mm<br>Anomaly: +25.3 mm<br>Percent of normal: <b>126%</b><br>Weather station: TORONTO INTL A (ECCC AES 6158731; station_id 51459)","DATE: May-08<br><b>Normal cumulative precipitation</b><br>96.6 mm<br>Period: 1991-2020","DATE: May-08<br><b>25-75 percentile</b><br>68.8 to 113.2 mm","DATE: May-08<br><b>10-90 percentile</b><br>55.6 to 142.1 mm","6158733","TORONTO+LESTER+B.+PEARSON+INT",1953,2026
"05-09",2001-05-09,100.063333333333,43.6,179.6,55.63,68.8,120.4,151.86,1.8,123.7,"TORONTO INTL A (ECCC AES 6158731; station_id 51459)","6158731",51459,"TORONTO INTL A","DATE: May-09<br><b>Daily precipitation</b><br>Value: 1.8 mm<br>Weather station: TORONTO INTL A (ECCC AES 6158731; station_id 51459)",123.621706252707,"DATE: May-09<br><b>Cumulative precipitation</b><br>Value: 123.7 mm<br>Anomaly: +23.6 mm<br>Percent of normal: <b>124%</b><br>Weather station: TORONTO INTL A (ECCC AES 6158731; station_id 51459)","DATE: May-09<br><b>Normal cumulative precipitation</b><br>100.1 mm<br>Period: 1991-2020","DATE: May-09<br><b>25-75 percentile</b><br>68.8 to 120.4 mm","DATE: May-09<br><b>10-90 percentile</b><br>55.6 to 151.9 mm","6158733","TORONTO+LESTER+B.+PEARSON+INT",1953,2026
"05-10",2001-05-10,102.91,44,179.6,55.63,70.45,129.5,152.08,0,123.7,"TORONTO INTL A (ECCC AES 6158731; station_id 51459)","6158731",51459,"TORONTO INTL A","DATE: May-10<br><b>Daily precipitation</b><br>Value: 0.0 mm<br>Weather station: TORONTO INTL A (ECCC AES 6158731; station_id 51459)",120.202118355845,"DATE: May-10<br><b>Cumulative precipitation</b><br>Value: 123.7 mm<br>Anomaly: +20.8 mm<br>Percent of normal: <b>120%</b><br>Weather station: TORONTO INTL A (ECCC AES 6158731; station_id 51459)","DATE: May-10<br><b>Normal cumulative precipitation</b><br>102.9 mm<br>Period: 1991-2020","DATE: May-10<br><b>25-75 percentile</b><br>70.4 to 129.5 mm","DATE: May-10<br><b>10-90 percentile</b><br>55.6 to 152.1 mm","6158733","TORONTO+LESTER+B.+PEARSON+INT",1953,2026
"05-11",2001-05-11,106.61,49.2,179.6,55.63,80.2,131.85,152.08,0,123.7,"TORONTO INTL A (ECCC AES 6158731; station_id 51459)","6158731",51459,"TORONTO INTL A","DATE: May-11<br><b>Daily precipitation</b><br>Value: 0.0 mm<br>Weather station: TORONTO INTL A (ECCC AES 6158731; station_id 51459)",116.030391145296,"DATE: May-11<br><b>Cumulative precipitation</b><br>Value: 123.7 mm<br>Anomaly: +17.1 mm<br>Percent of normal: <b>116%</b><br>Weather station: TORONTO INTL A (ECCC AES 6158731; station_id 51459)","DATE: May-11<br><b>Normal cumulative precipitation</b><br>106.6 mm<br>Period: 1991-2020","DATE: May-11<br><b>25-75 percentile</b><br>80.2 to 131.9 mm","DATE: May-11<br><b>10-90 percentile</b><br>55.6 to 152.1 mm","6158733","TORONTO+LESTER+B.+PEARSON+INT",1953,2026
"05-12",2001-05-12,109.93,49.2,179.6,55.63,80.8,141.5,163.51,5.6,129.3,"TORONTO INTL A (ECCC AES 6158731; station_id 51459)","6158731",51459,"TORONTO INTL A","DATE: May-12<br><b>Daily precipitation</b><br>Value: 5.6 mm<br>Weather station: TORONTO INTL A (ECCC AES 6158731; station_id 51459)",117.62030382971,"DATE: May-12<br><b>Cumulative precipitation</b><br>Value: 129.3 mm<br>Anomaly: +19.4 mm<br>Percent of normal: <b>118%</b><br>Weather station: TORONTO INTL A (ECCC AES 6158731; station_id 51459)","DATE: May-12<br><b>Normal cumulative precipitation</b><br>109.9 mm<br>Period: 1991-2020","DATE: May-12<br><b>25-75 percentile</b><br>80.8 to 141.5 mm","DATE: May-12<br><b>10-90 percentile</b><br>55.6 to 163.5 mm","6158733","TORONTO+LESTER+B.+PEARSON+INT",1953,2026
"05-13",2001-05-13,111.363333333333,49.2,180.6,55.63,84.6,142.05,163.69,9.7,139,"TORONTO INTL A (ECCC AES 6158731; station_id 51459)","6158731",51459,"TORONTO INTL A","DATE: May-13<br><b>Daily precipitation</b><br>Value: 9.7 mm<br>Weather station: TORONTO INTL A (ECCC AES 6158731; station_id 51459)",124.816666167799,"DATE: May-13<br><b>Cumulative precipitation</b><br>Value: 139.0 mm<br>Anomaly: +27.6 mm<br>Percent of normal: <b>125%</b><br>Weather station: TORONTO INTL A (ECCC AES 6158731; station_id 51459)","DATE: May-13<br><b>Normal cumulative precipitation</b><br>111.4 mm<br>Period: 1991-2020","DATE: May-13<br><b>25-75 percentile</b><br>84.6 to 142.0 mm","DATE: May-13<br><b>10-90 percentile</b><br>55.6 to 163.7 mm","6158733","TORONTO+LESTER+B.+PEARSON+INT",1953,2026
"05-14",2001-05-14,113.796666666667,50.4,180.6,59.1,86.7,143.7,163.69,0,139,"TORONTO INTL A (ECCC AES 6158731; station_id 51459)","6158731",51459,"TORONTO INTL A","DATE: May-14<br><b>Daily precipitation</b><br>Value: 0.0 mm<br>Weather station: TORONTO INTL A (ECCC AES 6158731; station_id 51459)",122.147690324848,"DATE: May-14<br><b>Cumulative precipitation</b><br>Value: 139.0 mm<br>Anomaly: +25.2 mm<br>Percent of normal: <b>122%</b><br>Weather station: TORONTO INTL A (ECCC AES 6158731; station_id 51459)","DATE: May-14<br><b>Normal cumulative precipitation</b><br>113.8 mm<br>Period: 1991-2020","DATE: May-14<br><b>25-75 percentile</b><br>86.7 to 143.7 mm","DATE: May-14<br><b>10-90 percentile</b><br>59.1 to 163.7 mm","6158733","TORONTO+LESTER+B.+PEARSON+INT",1953,2026
"05-15",2001-05-15,118.21,50.4,189.4,63.94,92,150.4,164.37,0,139,"TORONTO INTL A (ECCC AES 6158731; station_id 51459)","6158731",51459,"TORONTO INTL A","DATE: May-15<br><b>Daily precipitation</b><br>Value: 0.0 mm<br>Weather station: TORONTO INTL A (ECCC AES 6158731; station_id 51459)",117.587344556298,"DATE: May-15<br><b>Cumulative precipitation</b><br>Value: 139.0 mm<br>Anomaly: +20.8 mm<br>Percent of normal: <b>118%</b><br>Weather station: TORONTO INTL A (ECCC AES 6158731; station_id 51459)","DATE: May-15<br><b>Normal cumulative precipitation</b><br>118.2 mm<br>Period: 1991-2020","DATE: May-15<br><b>25-75 percentile</b><br>92.0 to 150.4 mm","DATE: May-15<br><b>10-90 percentile</b><br>63.9 to 164.4 mm","6158733","TORONTO+LESTER+B.+PEARSON+INT",1953,2026
"05-16",2001-05-16,121.176666666667,50.4,189.4,63.94,93.65,151.45,174.71,1.4,140.4,"TORONTO INTL A (ECCC AES 6158731; station_id 51459)","6158731",51459,"TORONTO INTL A","DATE: May-16<br><b>Daily precipitation</b><br>Value: 1.4 mm<br>Weather station: TORONTO INTL A (ECCC AES 6158731; station_id 51459)",115.86389018788,"DATE: May-16<br><b>Cumulative precipitation</b><br>Value: 140.4 mm<br>Anomaly: +19.2 mm<br>Percent of normal: <b>116%</b><br>Weather station: TORONTO INTL A (ECCC AES 6158731; station_id 51459)","DATE: May-16<br><b>Normal cumulative precipitation</b><br>121.2 mm<br>Period: 1991-2020","DATE: May-16<br><b>25-75 percentile</b><br>93.6 to 151.4 mm","DATE: May-16<br><b>10-90 percentile</b><br>63.9 to 174.7 mm","6158733","TORONTO+LESTER+B.+PEARSON+INT",1953,2026
"05-17",2001-05-17,122.863333333333,52,191.4,64.14,93.65,153.15,174.71,0,140.4,"TORONTO INTL A (ECCC AES 6158731; station_id 51459)","6158731",51459,"TORONTO INTL A","DATE: May-17<br><b>Daily precipitation</b><br>Value: 0.0 mm<br>Weather station: TORONTO INTL A (ECCC AES 6158731; station_id 51459)",114.27331180987,"DATE: May-17<br><b>Cumulative precipitation</b><br>Value: 140.4 mm<br>Anomaly: +17.5 mm<br>Percent of normal: <b>114%</b><br>Weather station: TORONTO INTL A (ECCC AES 6158731; station_id 51459)","DATE: May-17<br><b>Normal cumulative precipitation</b><br>122.9 mm<br>Period: 1991-2020","DATE: May-17<br><b>25-75 percentile</b><br>93.6 to 153.2 mm","DATE: May-17<br><b>10-90 percentile</b><br>64.1 to 174.7 mm","6158733","TORONTO+LESTER+B.+PEARSON+INT",1953,2026
"05-18",2001-05-18,126.07,53.8,191.4,70.61,93.65,153.15,187.01,0,140.4,"TORONTO INTL A (ECCC AES 6158731; station_id 51459)","6158731",51459,"TORONTO INTL A","DATE: May-18<br><b>Daily precipitation</b><br>Value: 0.0 mm<br>Weather station: TORONTO INTL A (ECCC AES 6158731; station_id 51459)",111.366701039105,"DATE: May-18<br><b>Cumulative precipitation</b><br>Value: 140.4 mm<br>Anomaly: +14.3 mm<br>Percent of normal: <b>111%</b><br>Weather station: TORONTO INTL A (ECCC AES 6158731; station_id 51459)","DATE: May-18<br><b>Normal cumulative precipitation</b><br>126.1 mm<br>Period: 1991-2020","DATE: May-18<br><b>25-75 percentile</b><br>93.6 to 153.2 mm","DATE: May-18<br><b>10-90 percentile</b><br>70.6 to 187.0 mm","6158733","TORONTO+LESTER+B.+PEARSON+INT",1953,2026
"05-19",2001-05-19,127.096666666667,53.8,197.4,73.05,93.65,154.65,187.09,0.4,140.8,"TORONTO INTL A (ECCC AES 6158731; station_id 51459)","6158731",51459,"TORONTO INTL A","DATE: May-19<br><b>Daily precipitation</b><br>Value: 0.4 mm<br>Weather station: TORONTO INTL A (ECCC AES 6158731; station_id 51459)",110.781819612369,"DATE: May-19<br><b>Cumulative precipitation</b><br>Value: 140.8 mm<br>Anomaly: +13.7 mm<br>Percent of normal: <b>111%</b><br>Weather station: TORONTO INTL A (ECCC AES 6158731; station_id 51459)","DATE: May-19<br><b>Normal cumulative precipitation</b><br>127.1 mm<br>Period: 1991-2020","DATE: May-19<br><b>25-75 percentile</b><br>93.6 to 154.6 mm","DATE: May-19<br><b>10-90 percentile</b><br>73.0 to 187.1 mm","6158733","TORONTO+LESTER+B.+PEARSON+INT",1953,2026
"05-20",2001-05-20,128.89,53.8,197.4,73.05,93.65,157.15,187.81,0,140.8,"TORONTO INTL A (ECCC AES 6158731; station_id 51459)","6158731",51459,"TORONTO INTL A","DATE: May-20<br><b>Daily precipitation</b><br>Value: 0.0 mm<br>Weather station: TORONTO INTL A (ECCC AES 6158731; station_id 51459)",109.240437582435,"DATE: May-20<br><b>Cumulative precipitation</b><br>Value: 140.8 mm<br>Anomaly: +11.9 mm<br>Percent of normal: <b>109%</b><br>Weather station: TORONTO INTL A (ECCC AES 6158731; station_id 51459)","DATE: May-20<br><b>Normal cumulative precipitation</b><br>128.9 mm<br>Period: 1991-2020","DATE: May-20<br><b>25-75 percentile</b><br>93.6 to 157.1 mm","DATE: May-20<br><b>10-90 percentile</b><br>73.0 to 187.8 mm","6158733","TORONTO+LESTER+B.+PEARSON+INT",1953,2026
"05-21",2001-05-21,130.923333333333,70.8,197.4,76.88,93.65,157.15,189.87,0,140.8,"TORONTO INTL A (ECCC AES 6158731; station_id 51459)","6158731",51459,"TORONTO INTL A","DATE: May-21<br><b>Daily precipitation</b><br>Value: 0.0 mm<br>Weather station: TORONTO INTL A (ECCC AES 6158731; station_id 51459)",107.543855182422,"DATE: May-21<br><b>Cumulative precipitation</b><br>Value: 140.8 mm<br>Anomaly: +9.9 mm<br>Percent of normal: <b>108%</b><br>Weather station: TORONTO INTL A (ECCC AES 6158731; station_id 51459)","DATE: May-21<br><b>Normal cumulative precipitation</b><br>130.9 mm<br>Period: 1991-2020","DATE: May-21<br><b>25-75 percentile</b><br>93.6 to 157.1 mm","DATE: May-21<br><b>10-90 percentile</b><br>76.9 to 189.9 mm","6158733","TORONTO+LESTER+B.+PEARSON+INT",1953,2026
"05-22",2001-05-22,132.99,70.8,206,85.16,99.5,157.3,189.87,0,140.8,"TORONTO INTL A (ECCC AES 6158731; station_id 51459)","6158731",51459,"TORONTO INTL A","DATE: May-22<br><b>Daily precipitation</b><br>Value: 0.0 mm<br>Weather station: TORONTO INTL A (ECCC AES 6158731; station_id 51459)",105.872622001654,"DATE: May-22<br><b>Cumulative precipitation</b><br>Value: 140.8 mm<br>Anomaly: +7.8 mm<br>Percent of normal: <b>106%</b><br>Weather station: TORONTO INTL A (ECCC AES 6158731; station_id 51459)","DATE: May-22<br><b>Normal cumulative precipitation</b><br>133.0 mm<br>Period: 1991-2020","DATE: May-22<br><b>25-75 percentile</b><br>99.5 to 157.3 mm","DATE: May-22<br><b>10-90 percentile</b><br>85.2 to 189.9 mm","6158733","TORONTO+LESTER+B.+PEARSON+INT",1953,2026
"05-23",2001-05-23,135.73,70.8,206,85.3,99.5,168.4,197.85,42.8,183.6,"TORONTO INTL A (ECCC AES 6158731; station_id 51459)","6158731",51459,"TORONTO INTL A","DATE: May-23<br><b>Daily precipitation</b><br>Value: 42.8 mm<br>Weather station: TORONTO INTL A (ECCC AES 6158731; station_id 51459)",135.268547852354,"DATE: May-23<br><b>Cumulative precipitation</b><br>Value: 183.6 mm<br>Anomaly: +47.9 mm<br>Percent of normal: <b>135%</b><br>Weather station: TORONTO INTL A (ECCC AES 6158731; station_id 51459)","DATE: May-23<br><b>Normal cumulative precipitation</b><br>135.7 mm<br>Period: 1991-2020","DATE: May-23<br><b>25-75 percentile</b><br>99.5 to 168.4 mm","DATE: May-23<br><b>10-90 percentile</b><br>85.3 to 197.8 mm","6158733","TORONTO+LESTER+B.+PEARSON+INT",1953,2026
"05-24",2001-05-24,137.51,71.2,206,85.93,99.75,170.475,198.79,1.6,185.2,"TORONTO INTL A (ECCC AES 6158731; station_id 51459)","6158731",51459,"TORONTO INTL A","DATE: May-24<br><b>Daily precipitation</b><br>Value: 1.6 mm<br>Weather station: TORONTO INTL A (ECCC AES 6158731; station_id 51459)",134.681114100793,"DATE: May-24<br><b>Cumulative precipitation</b><br>Value: 185.2 mm<br>Anomaly: +47.7 mm<br>Percent of normal: <b>135%</b><br>Weather station: TORONTO INTL A (ECCC AES 6158731; station_id 51459)","DATE: May-24<br><b>Normal cumulative precipitation</b><br>137.5 mm<br>Period: 1991-2020","DATE: May-24<br><b>25-75 percentile</b><br>99.8 to 170.5 mm","DATE: May-24<br><b>10-90 percentile</b><br>85.9 to 198.8 mm","6158733","TORONTO+LESTER+B.+PEARSON+INT",1953,2026
"05-25",2001-05-25,141.31,71.2,238,86.83,101.4,183.325,202.85,0,185.2,"TORONTO INTL A (ECCC AES 6158731; station_id 51459)","6158731",51459,"TORONTO INTL A","DATE: May-25<br><b>Daily precipitation</b><br>Value: 0.0 mm<br>Weather station: TORONTO INTL A (ECCC AES 6158731; station_id 51459)",131.059373009695,"DATE: May-25<br><b>Cumulative precipitation</b><br>Value: 185.2 mm<br>Anomaly: +43.9 mm<br>Percent of normal: <b>131%</b><br>Weather station: TORONTO INTL A (ECCC AES 6158731; station_id 51459)","DATE: May-25<br><b>Normal cumulative precipitation</b><br>141.3 mm<br>Period: 1991-2020","DATE: May-25<br><b>25-75 percentile</b><br>101.4 to 183.3 mm","DATE: May-25<br><b>10-90 percentile</b><br>86.8 to 202.9 mm","6158733","TORONTO+LESTER+B.+PEARSON+INT",1953,2026
"05-26",2001-05-26,143.79,71.2,241.8,86.83,101.4,183.325,202.85,0,185.2,"TORONTO INTL A (ECCC AES 6158731; station_id 51459)","6158731",51459,"TORONTO INTL A","DATE: May-26<br><b>Daily precipitation</b><br>Value: 0.0 mm<br>Weather station: TORONTO INTL A (ECCC AES 6158731; station_id 51459)",128.798942902844,"DATE: May-26<br><b>Cumulative precipitation</b><br>Value: 185.2 mm<br>Anomaly: +41.4 mm<br>Percent of normal: <b>129%</b><br>Weather station: TORONTO INTL A (ECCC AES 6158731; station_id 51459)","DATE: May-26<br><b>Normal cumulative precipitation</b><br>143.8 mm<br>Period: 1991-2020","DATE: May-26<br><b>25-75 percentile</b><br>101.4 to 183.3 mm","DATE: May-26<br><b>10-90 percentile</b><br>86.8 to 202.9 mm","6158733","TORONTO+LESTER+B.+PEARSON+INT",1953,2026
"05-27",2001-05-27,145.463333333333,71.2,241.8,86.87,101.4,183.35,202.85,0,185.2,"TORONTO INTL A (ECCC AES 6158731; station_id 51459)","6158731",51459,"TORONTO INTL A","DATE: May-27<br><b>Daily precipitation</b><br>Value: 0.0 mm<br>Weather station: TORONTO INTL A (ECCC AES 6158731; station_id 51459)",127.317307912647,"DATE: May-27<br><b>Cumulative precipitation</b><br>Value: 185.2 mm<br>Anomaly: +39.7 mm<br>Percent of normal: <b>127%</b><br>Weather station: TORONTO INTL A (ECCC AES 6158731; station_id 51459)","DATE: May-27<br><b>Normal cumulative precipitation</b><br>145.5 mm<br>Period: 1991-2020","DATE: May-27<br><b>25-75 percentile</b><br>101.4 to 183.3 mm","DATE: May-27<br><b>10-90 percentile</b><br>86.9 to 202.9 mm","6158733","TORONTO+LESTER+B.+PEARSON+INT",1953,2026
"05-28",2001-05-28,148.566666666667,77.8,241.8,86.87,101.4,186.9,202.85,0,185.2,"TORONTO INTL A (ECCC AES 6158731; station_id 51459)","6158731",51459,"TORONTO INTL A","DATE: May-28<br><b>Daily precipitation</b><br>Value: 0.0 mm<br>Weather station: TORONTO INTL A (ECCC AES 6158731; station_id 51459)",124.657841597487,"DATE: May-28<br><b>Cumulative precipitation</b><br>Value: 185.2 mm<br>Anomaly: +36.6 mm<br>Percent of normal: <b>125%</b><br>Weather station: TORONTO INTL A (ECCC AES 6158731; station_id 51459)","DATE: May-28<br><b>Normal cumulative precipitation</b><br>148.6 mm<br>Period: 1991-2020","DATE: May-28<br><b>25-75 percentile</b><br>101.4 to 186.9 mm","DATE: May-28<br><b>10-90 percentile</b><br>86.9 to 202.9 mm","6158733","TORONTO+LESTER+B.+PEARSON+INT",1953,2026
"05-29",2001-05-29,150.42,84,243.2,86.87,101.55,191.9,202.85,0,185.2,"TORONTO INTL A (ECCC AES 6158731; station_id 51459)","6158731",51459,"TORONTO INTL A","DATE: May-29<br><b>Daily precipitation</b><br>Value: 0.0 mm<br>Weather station: TORONTO INTL A (ECCC AES 6158731; station_id 51459)",123.121925275894,"DATE: May-29<br><b>Cumulative precipitation</b><br>Value: 185.2 mm<br>Anomaly: +34.8 mm<br>Percent of normal: <b>123%</b><br>Weather station: TORONTO INTL A (ECCC AES 6158731; station_id 51459)","DATE: May-29<br><b>Normal cumulative precipitation</b><br>150.4 mm<br>Period: 1991-2020","DATE: May-29<br><b>25-75 percentile</b><br>101.6 to 191.9 mm","DATE: May-29<br><b>10-90 percentile</b><br>86.9 to 202.9 mm","6158733","TORONTO+LESTER+B.+PEARSON+INT",1953,2026
"05-30",2001-05-30,151.883333333333,84,253.4,86.87,113.05,193.1,202.85,0,185.2,"TORONTO INTL A (ECCC AES 6158731; station_id 51459)","6158731",51459,"TORONTO INTL A","DATE: May-30<br><b>Daily precipitation</b><br>Value: 0.0 mm<br>Weather station: TORONTO INTL A (ECCC AES 6158731; station_id 51459)",121.935696258093,"DATE: May-30<br><b>Cumulative precipitation</b><br>Value: 185.2 mm<br>Anomaly: +33.3 mm<br>Percent of normal: <b>122%</b><br>Weather station: TORONTO INTL A (ECCC AES 6158731; station_id 51459)","DATE: May-30<br><b>Normal cumulative precipitation</b><br>151.9 mm<br>Period: 1991-2020","DATE: May-30<br><b>25-75 percentile</b><br>113.0 to 193.1 mm","DATE: May-30<br><b>10-90 percentile</b><br>86.9 to 202.9 mm","6158733","TORONTO+LESTER+B.+PEARSON+INT",1953,2026
"05-31",2001-05-31,155.856666666667,84.2,253.4,87.99,114.85,193.85,213.84,0,185.2,"TORONTO INTL A (ECCC AES 6158731; station_id 51459)","6158731",51459,"TORONTO INTL A","DATE: May-31<br><b>Daily precipitation</b><br>Value: 0.0 mm<br>Weather station: TORONTO INTL A (ECCC AES 6158731; station_id 51459)",118.827127488932,"DATE: May-31<br><b>Cumulative precipitation</b><br>Value: 185.2 mm<br>Anomaly: +29.3 mm<br>Percent of normal: <b>119%</b><br>Weather station: TORONTO INTL A (ECCC AES 6158731; station_id 51459)","DATE: May-31<br><b>Normal cumulative precipitation</b><br>155.9 mm<br>Period: 1991-2020","DATE: May-31<br><b>25-75 percentile</b><br>114.8 to 193.9 mm","DATE: May-31<br><b>10-90 percentile</b><br>88.0 to 213.8 mm","6158733","TORONTO+LESTER+B.+PEARSON+INT",1953,2026
"06-01",2001-06-01,158.603333333333,84.2,253.4,94.54,123.9,193.85,213.84,0,185.2,"TORONTO INTL A (ECCC AES 6158731; station_id 51459)","6158731",51459,"TORONTO INTL A","DATE: Jun-01<br><b>Daily precipitation</b><br>Value: 0.0 mm<br>Weather station: TORONTO INTL A (ECCC AES 6158731; station_id 51459)",116.769298669637,"DATE: Jun-01<br><b>Cumulative precipitation</b><br>Value: 185.2 mm<br>Anomaly: +26.6 mm<br>Percent of normal: <b>117%</b><br>Weather station: TORONTO INTL A (ECCC AES 6158731; station_id 51459)","DATE: Jun-01<br><b>Normal cumulative precipitation</b><br>158.6 mm<br>Period: 1991-2020","DATE: Jun-01<br><b>25-75 percentile</b><br>123.9 to 193.9 mm","DATE: Jun-01<br><b>10-90 percentile</b><br>94.5 to 213.8 mm","6158733","TORONTO+LESTER+B.+PEARSON+INT",1953,2026
"06-02",2001-06-02,161.74,94.2,253.4,100.81,126,198,213.84,0,185.2,"TORONTO INTL A (ECCC AES 6158731; station_id 51459)","6158731",51459,"TORONTO INTL A","DATE: Jun-02<br><b>Daily precipitation</b><br>Value: 0.0 mm<br>Weather station: TORONTO INTL A (ECCC AES 6158731; station_id 51459)",114.504760727093,"DATE: Jun-02<br><b>Cumulative precipitation</b><br>Value: 185.2 mm<br>Anomaly: +23.5 mm<br>Percent of normal: <b>115%</b><br>Weather station: TORONTO INTL A (ECCC AES 6158731; station_id 51459)","DATE: Jun-02<br><b>Normal cumulative precipitation</b><br>161.7 mm<br>Period: 1991-2020","DATE: Jun-02<br><b>25-75 percentile</b><br>126.0 to 198.0 mm","DATE: Jun-02<br><b>10-90 percentile</b><br>100.8 to 213.8 mm","6158733","TORONTO+LESTER+B.+PEARSON+INT",1953,2026
"06-03",2001-06-03,163.753333333333,94.2,253.4,101.35,130.4,198.75,214.58,0,185.2,"TORONTO INTL A (ECCC AES 6158731; station_id 51459)","6158731",51459,"TORONTO INTL A","DATE: Jun-03<br><b>Daily precipitation</b><br>Value: 0.0 mm<br>Weather station: TORONTO INTL A (ECCC AES 6158731; station_id 51459)",113.096934413549,"DATE: Jun-03<br><b>Cumulative precipitation</b><br>Value: 185.2 mm<br>Anomaly: +21.4 mm<br>Percent of normal: <b>113%</b><br>Weather station: TORONTO INTL A (ECCC AES 6158731; station_id 51459)","DATE: Jun-03<br><b>Normal cumulative precipitation</b><br>163.8 mm<br>Period: 1991-2020","DATE: Jun-03<br><b>25-75 percentile</b><br>130.4 to 198.8 mm","DATE: Jun-03<br><b>10-90 percentile</b><br>101.3 to 214.6 mm","6158733","TORONTO+LESTER+B.+PEARSON+INT",1953,2026
"06-04",2001-06-04,165.8,94.6,259.8,101.35,130.4,198.75,225.12,0,185.2,"TORONTO INTL A (ECCC AES 6158731; station_id 51459)","6158731",51459,"TORONTO INTL A","DATE: Jun-04<br><b>Daily precipitation</b><br>Value: 0.0 mm<br>Weather station: TORONTO INTL A (ECCC AES 6158731; station_id 51459)",111.700844390832,"DATE: Jun-04<br><b>Cumulative precipitation</b><br>Value: 185.2 mm<br>Anomaly: +19.4 mm<br>Percent of normal: <b>112%</b><br>Weather station: TORONTO INTL A (ECCC AES 6158731; station_id 51459)","DATE: Jun-04<br><b>Normal cumulative precipitation</b><br>165.8 mm<br>Period: 1991-2020","DATE: Jun-04<br><b>25-75 percentile</b><br>130.4 to 198.8 mm","DATE: Jun-04<br><b>10-90 percentile</b><br>101.3 to 225.1 mm","6158733","TORONTO+LESTER+B.+PEARSON+INT",1953,2026
"06-05",2001-06-05,167.946666666667,94.6,260,111.52,130.7,201.35,225.38,2.1,187.3,"TORONTO INTL A (ECCC AES 6158731; station_id 51459)","6158731",51459,"TORONTO INTL A","DATE: Jun-05<br><b>Daily precipitation</b><br>Value: 2.1 mm<br>Weather station: TORONTO INTL A (ECCC AES 6158731; station_id 51459)",111.523499523658,"DATE: Jun-05<br><b>Cumulative precipitation</b><br>Value: 187.3 mm<br>Anomaly: +19.4 mm<br>Percent of normal: <b>112%</b><br>Weather station: TORONTO INTL A (ECCC AES 6158731; station_id 51459)","DATE: Jun-05<br><b>Normal cumulative precipitation</b><br>167.9 mm<br>Period: 1991-2020","DATE: Jun-05<br><b>25-75 percentile</b><br>130.7 to 201.4 mm","DATE: Jun-05<br><b>10-90 percentile</b><br>111.5 to 225.4 mm","6158733","TORONTO+LESTER+B.+PEARSON+INT",1953,2026
"06-06",2001-06-06,169.58,94.6,263.2,111.73,132.7,205.1,225.38,5.4,192.7,"TORONTO INTL A (ECCC AES 6158731; station_id 51459)","6158731",51459,"TORONTO INTL A","DATE: Jun-06<br><b>Daily precipitation</b><br>Value: 5.4 mm<br>Weather station: TORONTO INTL A (ECCC AES 6158731; station_id 51459)",113.633683217361,"DATE: Jun-06<br><b>Cumulative precipitation</b><br>Value: 192.7 mm<br>Anomaly: +23.1 mm<br>Percent of normal: <b>114%</b><br>Weather station: TORONTO INTL A (ECCC AES 6158731; station_id 51459)","DATE: Jun-06<br><b>Normal cumulative precipitation</b><br>169.6 mm<br>Period: 1991-2020","DATE: Jun-06<br><b>25-75 percentile</b><br>132.7 to 205.1 mm","DATE: Jun-06<br><b>10-90 percentile</b><br>111.7 to 225.4 mm","6158733","TORONTO+LESTER+B.+PEARSON+INT",1953,2026
"06-07",2001-06-07,171.74,100.4,263.2,111.82,132.85,208.75,225.38,0,192.7,"TORONTO INTL A (ECCC AES 6158731; station_id 51459)","6158731",51459,"TORONTO INTL A","DATE: Jun-07<br><b>Daily precipitation</b><br>Value: 0.0 mm<br>Weather station: TORONTO INTL A (ECCC AES 6158731; station_id 51459)",112.204495167113,"DATE: Jun-07<br><b>Cumulative precipitation</b><br>Value: 192.7 mm<br>Anomaly: +21.0 mm<br>Percent of normal: <b>112%</b><br>Weather station: TORONTO INTL A (ECCC AES 6158731; station_id 51459)","DATE: Jun-07<br><b>Normal cumulative precipitation</b><br>171.7 mm<br>Period: 1991-2020","DATE: Jun-07<br><b>25-75 percentile</b><br>132.8 to 208.8 mm","DATE: Jun-07<br><b>10-90 percentile</b><br>111.8 to 225.4 mm","6158733","TORONTO+LESTER+B.+PEARSON+INT",1953,2026
"06-08",2001-06-08,174.506666666667,100.4,263.2,111.82,134.15,208.75,227.14,0,192.7,"TORONTO INTL A (ECCC AES 6158731; station_id 51459)","6158731",51459,"TORONTO INTL A","DATE: Jun-08<br><b>Daily precipitation</b><br>Value: 0.0 mm<br>Weather station: TORONTO INTL A (ECCC AES 6158731; station_id 51459)",110.425580684597,"DATE: Jun-08<br><b>Cumulative precipitation</b><br>Value: 192.7 mm<br>Anomaly: +18.2 mm<br>Percent of normal: <b>110%</b><br>Weather station: TORONTO INTL A (ECCC AES 6158731; station_id 51459)","DATE: Jun-08<br><b>Normal cumulative precipitation</b><br>174.5 mm<br>Period: 1991-2020","DATE: Jun-08<br><b>25-75 percentile</b><br>134.1 to 208.8 mm","DATE: Jun-08<br><b>10-90 percentile</b><br>111.8 to 227.1 mm","6158733","TORONTO+LESTER+B.+PEARSON+INT",1953,2026
"06-09",2001-06-09,177.006666666667,100.4,263.2,111.82,148.7,208.75,227.14,0,192.7,"TORONTO INTL A (ECCC AES 6158731; station_id 51459)","6158731",51459,"TORONTO INTL A","DATE: Jun-09<br><b>Daily precipitation</b><br>Value: 0.0 mm<br>Weather station: TORONTO INTL A (ECCC AES 6158731; station_id 51459)",108.865956084517,"DATE: Jun-09<br><b>Cumulative precipitation</b><br>Value: 192.7 mm<br>Anomaly: +15.7 mm<br>Percent of normal: <b>109%</b><br>Weather station: TORONTO INTL A (ECCC AES 6158731; station_id 51459)","DATE: Jun-09<br><b>Normal cumulative precipitation</b><br>177.0 mm<br>Period: 1991-2020","DATE: Jun-09<br><b>25-75 percentile</b><br>148.7 to 208.8 mm","DATE: Jun-09<br><b>10-90 percentile</b><br>111.8 to 227.1 mm","6158733","TORONTO+LESTER+B.+PEARSON+INT",1953,2026
"06-10",2001-06-10,180.1,100.4,263.2,118.97,151.25,217.15,233.7,5.4,198.1,"TORONTO INTL A (ECCC AES 6158731; station_id 51459)","6158731",51459,"TORONTO INTL A","DATE: Jun-10<br><b>Daily precipitation</b><br>Value: 5.4 mm<br>Weather station: TORONTO INTL A (ECCC AES 6158731; station_id 51459)",109.99444752915,"DATE: Jun-10<br><b>Cumulative precipitation</b><br>Value: 198.1 mm<br>Anomaly: +18.0 mm<br>Percent of normal: <b>110%</b><br>Weather station: TORONTO INTL A (ECCC AES 6158731; station_id 51459)","DATE: Jun-10<br><b>Normal cumulative precipitation</b><br>180.1 mm<br>Period: 1991-2020","DATE: Jun-10<br><b>25-75 percentile</b><br>151.2 to 217.2 mm","DATE: Jun-10<br><b>10-90 percentile</b><br>119.0 to 233.7 mm","6158733","TORONTO+LESTER+B.+PEARSON+INT",1953,2026
"06-11",2001-06-11,183.29,100.4,263.2,119.13,158.725,220.325,239.64,1.5,199.6,"TORONTO INTL A (ECCC AES 6158731; station_id 51459)","6158731",51459,"TORONTO INTL A","DATE: Jun-11<br><b>Daily precipitation</b><br>Value: 1.5 mm<br>Weather station: TORONTO INTL A (ECCC AES 6158731; station_id 51459)",108.898466910361,"DATE: Jun-11<br><b>Cumulative precipitation</b><br>Value: 199.6 mm<br>Anomaly: +16.3 mm<br>Percent of normal: <b>109%</b><br>Weather station: TORONTO INTL A (ECCC AES 6158731; station_id 51459)","DATE: Jun-11<br><b>Normal cumulative precipitation</b><br>183.3 mm<br>Period: 1991-2020","DATE: Jun-11<br><b>25-75 percentile</b><br>158.7 to 220.3 mm","DATE: Jun-11<br><b>10-90 percentile</b><br>119.1 to 239.6 mm","6158733","TORONTO+LESTER+B.+PEARSON+INT",1953,2026
"06-12",2001-06-12,185.11,100.4,263.2,119.13,158.725,220.325,246.52,0,199.6,"TORONTO INTL A (ECCC AES 6158731; station_id 51459)","6158731",51459,"TORONTO INTL A","DATE: Jun-12<br><b>Daily precipitation</b><br>Value: 0.0 mm<br>Weather station: TORONTO INTL A (ECCC AES 6158731; station_id 51459)",107.8277780779,"DATE: Jun-12<br><b>Cumulative precipitation</b><br>Value: 199.6 mm<br>Anomaly: +14.5 mm<br>Percent of normal: <b>108%</b><br>Weather station: TORONTO INTL A (ECCC AES 6158731; station_id 51459)","DATE: Jun-12<br><b>Normal cumulative precipitation</b><br>185.1 mm<br>Period: 1991-2020","DATE: Jun-12<br><b>25-75 percentile</b><br>158.7 to 220.3 mm","DATE: Jun-12<br><b>10-90 percentile</b><br>119.1 to 246.5 mm","6158733","TORONTO+LESTER+B.+PEARSON+INT",1953,2026
"06-13",2001-06-13,190.703333333333,104.8,275.3,122.67,158.725,225.425,259.52,0,199.6,"TORONTO INTL A (ECCC AES 6158731; station_id 51459)","6158731",51459,"TORONTO INTL A","DATE: Jun-13<br><b>Daily precipitation</b><br>Value: 0.0 mm<br>Weather station: TORONTO INTL A (ECCC AES 6158731; station_id 51459)",104.665186764783,"DATE: Jun-13<br><b>Cumulative precipitation</b><br>Value: 199.6 mm<br>Anomaly: +8.9 mm<br>Percent of normal: <b>105%</b><br>Weather station: TORONTO INTL A (ECCC AES 6158731; station_id 51459)","DATE: Jun-13<br><b>Normal cumulative precipitation</b><br>190.7 mm<br>Period: 1991-2020","DATE: Jun-13<br><b>25-75 percentile</b><br>158.7 to 225.4 mm","DATE: Jun-13<br><b>10-90 percentile</b><br>122.7 to 259.5 mm","6158733","TORONTO+LESTER+B.+PEARSON+INT",1953,2026
"06-14",2001-06-14,192.19,104.8,290.1,126.73,158.825,225.425,259.52,12.6,212.2,"TORONTO INTL A (ECCC AES 6158731; station_id 51459)","6158731",51459,"TORONTO INTL A","DATE: Jun-14<br><b>Daily precipitation</b><br>Value: 12.6 mm<br>Weather station: TORONTO INTL A (ECCC AES 6158731; station_id 51459)",110.411571881992,"DATE: Jun-14<br><b>Cumulative precipitation</b><br>Value: 212.2 mm<br>Anomaly: +20.0 mm<br>Percent of normal: <b>110%</b><br>Weather station: TORONTO INTL A (ECCC AES 6158731; station_id 51459)","DATE: Jun-14<br><b>Normal cumulative precipitation</b><br>192.2 mm<br>Period: 1991-2020","DATE: Jun-14<br><b>25-75 percentile</b><br>158.8 to 225.4 mm","DATE: Jun-14<br><b>10-90 percentile</b><br>126.7 to 259.5 mm","6158733","TORONTO+LESTER+B.+PEARSON+INT",1953,2026
"06-15",2001-06-15,193.71,104.8,290.1,126.73,158.825,226.6,259.52,0,212.2,"TORONTO INTL A (ECCC AES 6158731; station_id 51459)","6158731",51459,"TORONTO INTL A","DATE: Jun-15<br><b>Daily precipitation</b><br>Value: 0.0 mm<br>Weather station: TORONTO INTL A (ECCC AES 6158731; station_id 51459)",109.54519642765,"DATE: Jun-15<br><b>Cumulative precipitation</b><br>Value: 212.2 mm<br>Anomaly: +18.5 mm<br>Percent of normal: <b>110%</b><br>Weather station: TORONTO INTL A (ECCC AES 6158731; station_id 51459)","DATE: Jun-15<br><b>Normal cumulative precipitation</b><br>193.7 mm<br>Period: 1991-2020","DATE: Jun-15<br><b>25-75 percentile</b><br>158.8 to 226.6 mm","DATE: Jun-15<br><b>10-90 percentile</b><br>126.7 to 259.5 mm","6158733","TORONTO+LESTER+B.+PEARSON+INT",1953,2026
"06-16",2001-06-16,196.81,114.2,290.7,126.73,159.75,229.15,260.02,1.5,213.7,"TORONTO INTL A (ECCC AES 6158731; station_id 51459)","6158731",51459,"TORONTO INTL A","DATE: Jun-16<br><b>Daily precipitation</b><br>Value: 1.5 mm<br>Weather station: TORONTO INTL A (ECCC AES 6158731; station_id 51459)",108.581881001982,"DATE: Jun-16<br><b>Cumulative precipitation</b><br>Value: 213.7 mm<br>Anomaly: +16.9 mm<br>Percent of normal: <b>109%</b><br>Weather station: TORONTO INTL A (ECCC AES 6158731; station_id 51459)","DATE: Jun-16<br><b>Normal cumulative precipitation</b><br>196.8 mm<br>Period: 1991-2020","DATE: Jun-16<br><b>25-75 percentile</b><br>159.8 to 229.1 mm","DATE: Jun-16<br><b>10-90 percentile</b><br>126.7 to 260.0 mm","6158733","TORONTO+LESTER+B.+PEARSON+INT",1953,2026
"06-17",2001-06-17,198.57,114.2,290.7,126.73,160,229.15,260.02,3.4,217.1,"TORONTO INTL A (ECCC AES 6158731; station_id 51459)","6158731",51459,"TORONTO INTL A","DATE: Jun-17<br><b>Daily precipitation</b><br>Value: 3.4 mm<br>Weather station: TORONTO INTL A (ECCC AES 6158731; station_id 51459)",109.331721810948,"DATE: Jun-17<br><b>Cumulative precipitation</b><br>Value: 217.1 mm<br>Anomaly: +18.5 mm<br>Percent of normal: <b>109%</b><br>Weather station: TORONTO INTL A (ECCC AES 6158731; station_id 51459)","DATE: Jun-17<br><b>Normal cumulative precipitation</b><br>198.6 mm<br>Period: 1991-2020","DATE: Jun-17<br><b>25-75 percentile</b><br>160.0 to 229.1 mm","DATE: Jun-17<br><b>10-90 percentile</b><br>126.7 to 260.0 mm","6158733","TORONTO+LESTER+B.+PEARSON+INT",1953,2026
"06-18",2001-06-18,200.15,114.2,301.1,126.73,161.35,230.2,260.08,48.4,265.5,"TORONTO INTL A (ECCC AES 6158731; station_id 51459)","6158731",51459,"TORONTO INTL A","DATE: Jun-18<br><b>Daily precipitation</b><br>Value: 48.4 mm<br>Weather station: TORONTO INTL A (ECCC AES 6158731; station_id 51459)",132.650512115913,"DATE: Jun-18<br><b>Cumulative precipitation</b><br>Value: 265.5 mm<br>Anomaly: +65.3 mm<br>Percent of normal: <b>133%</b><br>Weather station: TORONTO INTL A (ECCC AES 6158731; station_id 51459)","DATE: Jun-18<br><b>Normal cumulative precipitation</b><br>200.2 mm<br>Period: 1991-2020","DATE: Jun-18<br><b>25-75 percentile</b><br>161.4 to 230.2 mm","DATE: Jun-18<br><b>10-90 percentile</b><br>126.7 to 260.1 mm","6158733","TORONTO+LESTER+B.+PEARSON+INT",1953,2026
"06-19",2001-06-19,201.73,114.2,301.1,126.73,167.425,230.2,270.82,0,265.5,"TORONTO INTL A (ECCC AES 6158731; station_id 51459)","6158731",51459,"TORONTO INTL A","DATE: Jun-19<br><b>Daily precipitation</b><br>Value: 0.0 mm<br>Weather station: TORONTO INTL A (ECCC AES 6158731; station_id 51459)",131.611560005949,"DATE: Jun-19<br><b>Cumulative precipitation</b><br>Value: 265.5 mm<br>Anomaly: +63.8 mm<br>Percent of normal: <b>132%</b><br>Weather station: TORONTO INTL A (ECCC AES 6158731; station_id 51459)","DATE: Jun-19<br><b>Normal cumulative precipitation</b><br>201.7 mm<br>Period: 1991-2020","DATE: Jun-19<br><b>25-75 percentile</b><br>167.4 to 230.2 mm","DATE: Jun-19<br><b>10-90 percentile</b><br>126.7 to 270.8 mm","6158733","TORONTO+LESTER+B.+PEARSON+INT",1953,2026
"06-20",2001-06-20,204.16,114.4,301.3,127,168.2,232.5,272.04,0,265.5,"TORONTO INTL A (ECCC AES 6158731; station_id 51459)","6158731",51459,"TORONTO INTL A","DATE: Jun-20<br><b>Daily precipitation</b><br>Value: 0.0 mm<br>Weather station: TORONTO INTL A (ECCC AES 6158731; station_id 51459)",130.045062695925,"DATE: Jun-20<br><b>Cumulative precipitation</b><br>Value: 265.5 mm<br>Anomaly: +61.3 mm<br>Percent of normal: <b>130%</b><br>Weather station: TORONTO INTL A (ECCC AES 6158731; station_id 51459)","DATE: Jun-20<br><b>Normal cumulative precipitation</b><br>204.2 mm<br>Period: 1991-2020","DATE: Jun-20<br><b>25-75 percentile</b><br>168.2 to 232.5 mm","DATE: Jun-20<br><b>10-90 percentile</b><br>127.0 to 272.0 mm","6158733","TORONTO+LESTER+B.+PEARSON+INT",1953,2026
"06-21",2001-06-21,207.31,114.4,307.5,135.1,169.45,232.725,272.06,0,265.5,"TORONTO INTL A (ECCC AES 6158731; station_id 51459)","6158731",51459,"TORONTO INTL A","DATE: Jun-21<br><b>Daily precipitation</b><br>Value: 0.0 mm<br>Weather station: TORONTO INTL A (ECCC AES 6158731; station_id 51459)",128.069075297863,"DATE: Jun-21<br><b>Cumulative precipitation</b><br>Value: 265.5 mm<br>Anomaly: +58.2 mm<br>Percent of normal: <b>128%</b><br>Weather station: TORONTO INTL A (ECCC AES 6158731; station_id 51459)","DATE: Jun-21<br><b>Normal cumulative precipitation</b><br>207.3 mm<br>Period: 1991-2020","DATE: Jun-21<br><b>25-75 percentile</b><br>169.4 to 232.7 mm","DATE: Jun-21<br><b>10-90 percentile</b><br>135.1 to 272.1 mm","6158733","TORONTO+LESTER+B.+PEARSON+INT",1953,2026
"06-22",2001-06-22,210.063333333333,114.4,310.5,135.12,169.45,247,275.66,0,265.5,"TORONTO INTL A (ECCC AES 6158731; station_id 51459)","6158731",51459,"TORONTO INTL A","DATE: Jun-22<br><b>Daily precipitation</b><br>Value: 0.0 mm<br>Weather station: TORONTO INTL A (ECCC AES 6158731; station_id 51459)",126.390453672702,"DATE: Jun-22<br><b>Cumulative precipitation</b><br>Value: 265.5 mm<br>Anomaly: +55.4 mm<br>Percent of normal: <b>126%</b><br>Weather station: TORONTO INTL A (ECCC AES 6158731; station_id 51459)","DATE: Jun-22<br><b>Normal cumulative precipitation</b><br>210.1 mm<br>Period: 1991-2020","DATE: Jun-22<br><b>25-75 percentile</b><br>169.4 to 247.0 mm","DATE: Jun-22<br><b>10-90 percentile</b><br>135.1 to 275.7 mm","6158733","TORONTO+LESTER+B.+PEARSON+INT",1953,2026
"06-23",2001-06-23,212.896666666667,114.4,326,138.94,171.625,249.1,288.76,0,265.5,"","6158731",51459,"TORONTO INTL A","DATE: Jun-23<br><b>Daily precipitation</b><br>Value: 0.0 mm<br>Weather station: ",124.708387480624,"DATE: Jun-23<br><b>Cumulative precipitation</b><br>Value: 265.5 mm<br>Anomaly: +52.6 mm<br>Percent of normal: <b>125%</b><br>Weather station: ","DATE: Jun-23<br><b>Normal cumulative precipitation</b><br>212.9 mm<br>Period: 1991-2020","DATE: Jun-23<br><b>25-75 percentile</b><br>171.6 to 249.1 mm","DATE: Jun-23<br><b>10-90 percentile</b><br>138.9 to 288.8 mm","6158733","TORONTO+LESTER+B.+PEARSON+INT",1953,2026
"06-24",2001-06-24,217.21,114.4,326,142.54,171.625,256.95,296.1,0,265.5,"","6158731",51459,"TORONTO INTL A","DATE: Jun-24<br><b>Daily precipitation</b><br>Value: 0.0 mm<br>Weather station: ",122.23194143916,"DATE: Jun-24<br><b>Cumulative precipitation</b><br>Value: 265.5 mm<br>Anomaly: +48.3 mm<br>Percent of normal: <b>122%</b><br>Weather station: ","DATE: Jun-24<br><b>Normal cumulative precipitation</b><br>217.2 mm<br>Period: 1991-2020","DATE: Jun-24<br><b>25-75 percentile</b><br>171.6 to 256.9 mm","DATE: Jun-24<br><b>10-90 percentile</b><br>142.5 to 296.1 mm","6158733","TORONTO+LESTER+B.+PEARSON+INT",1953,2026
"06-25",2001-06-25,219.503333333333,114.4,341.5,143.71,173.725,256.95,296.14,10.5,276,"","6158731",51459,"TORONTO INTL A","DATE: Jun-25<br><b>Daily precipitation</b><br>Value: 10.5 mm<br>Weather station: ",125.738409439492,"DATE: Jun-25<br><b>Cumulative precipitation</b><br>Value: 276.0 mm<br>Anomaly: +56.5 mm<br>Percent of normal: <b>126%</b><br>Weather station: ","DATE: Jun-25<br><b>Normal cumulative precipitation</b><br>219.5 mm<br>Period: 1991-2020","DATE: Jun-25<br><b>25-75 percentile</b><br>173.7 to 256.9 mm","DATE: Jun-25<br><b>10-90 percentile</b><br>143.7 to 296.1 mm","6158733","TORONTO+LESTER+B.+PEARSON+INT",1953,2026
"06-26",2001-06-26,221.103333333333,120.4,346.9,143.71,178.925,256.95,296.14,0,276,"","6158731",51459,"TORONTO INTL A","DATE: Jun-26<br><b>Daily precipitation</b><br>Value: 0.0 mm<br>Weather station: ",124.828511555683,"DATE: Jun-26<br><b>Cumulative precipitation</b><br>Value: 276.0 mm<br>Anomaly: +54.9 mm<br>Percent of normal: <b>125%</b><br>Weather station: ","DATE: Jun-26<br><b>Normal cumulative precipitation</b><br>221.1 mm<br>Period: 1991-2020","DATE: Jun-26<br><b>25-75 percentile</b><br>178.9 to 256.9 mm","DATE: Jun-26<br><b>10-90 percentile</b><br>143.7 to 296.1 mm","6158733","TORONTO+LESTER+B.+PEARSON+INT",1953,2026
"06-27",2001-06-27,225.363333333333,120.4,346.9,145.24,178.925,271.9,296.14,0,276,"","6158731",51459,"TORONTO INTL A","DATE: Jun-27<br><b>Daily precipitation</b><br>Value: 0.0 mm<br>Weather station: ",122.468902069251,"DATE: Jun-27<br><b>Cumulative precipitation</b><br>Value: 276.0 mm<br>Anomaly: +50.6 mm<br>Percent of normal: <b>122%</b><br>Weather station: ","DATE: Jun-27<br><b>Normal cumulative precipitation</b><br>225.4 mm<br>Period: 1991-2020","DATE: Jun-27<br><b>25-75 percentile</b><br>178.9 to 271.9 mm","DATE: Jun-27<br><b>10-90 percentile</b><br>145.2 to 296.1 mm","6158733","TORONTO+LESTER+B.+PEARSON+INT",1953,2026
"06-28",2001-06-28,228.563333333333,120.4,346.9,145.24,183.525,277.15,299.8,0,276,"","6158731",51459,"TORONTO INTL A","DATE: Jun-28<br><b>Daily precipitation</b><br>Value: 0.0 mm<br>Weather station: ",120.754276713967,"DATE: Jun-28<br><b>Cumulative precipitation</b><br>Value: 276.0 mm<br>Anomaly: +47.4 mm<br>Percent of normal: <b>121%</b><br>Weather station: ","DATE: Jun-28<br><b>Normal cumulative precipitation</b><br>228.6 mm<br>Period: 1991-2020","DATE: Jun-28<br><b>25-75 percentile</b><br>183.5 to 277.2 mm","DATE: Jun-28<br><b>10-90 percentile</b><br>145.2 to 299.8 mm","6158733","TORONTO+LESTER+B.+PEARSON+INT",1953,2026
"06-29",2001-06-29,231.643333333333,120.4,372.9,145.24,184.425,278.45,302.46,0,276,"","6158731",51459,"TORONTO INTL A","DATE: Jun-29<br><b>Daily precipitation</b><br>Value: 0.0 mm<br>Weather station: ",119.148691235088,"DATE: Jun-29<br><b>Cumulative precipitation</b><br>Value: 276.0 mm<br>Anomaly: +44.4 mm<br>Percent of normal: <b>119%</b><br>Weather station: ","DATE: Jun-29<br><b>Normal cumulative precipitation</b><br>231.6 mm<br>Period: 1991-2020","DATE: Jun-29<br><b>25-75 percentile</b><br>184.4 to 278.5 mm","DATE: Jun-29<br><b>10-90 percentile</b><br>145.2 to 302.5 mm","6158733","TORONTO+LESTER+B.+PEARSON+INT",1953,2026
"06-30",2001-06-30,233.943333333333,120.4,372.9,145.24,189.95,278.45,302.64,0,276,"","6158731",51459,"TORONTO INTL A","DATE: Jun-30<br><b>Daily precipitation</b><br>Value: 0.0 mm<br>Weather station: ",117.977287947224,"DATE: Jun-30<br><b>Cumulative precipitation</b><br>Value: 276.0 mm<br>Anomaly: +42.1 mm<br>Percent of normal: <b>118%</b><br>Weather station: ","DATE: Jun-30<br><b>Normal cumulative precipitation</b><br>233.9 mm<br>Period: 1991-2020","DATE: Jun-30<br><b>25-75 percentile</b><br>190.0 to 278.5 mm","DATE: Jun-30<br><b>10-90 percentile</b><br>145.2 to 302.6 mm","6158733","TORONTO+LESTER+B.+PEARSON+INT",1953,2026
"07-01",2001-07-01,234.63,126,372.9,145.24,190.95,278.45,302.64,0,276,"","6158731",51459,"TORONTO INTL A","DATE: Jul-01<br><b>Daily precipitation</b><br>Value: 0.0 mm<br>Weather station: ",117.632016366194,"DATE: Jul-01<br><b>Cumulative precipitation</b><br>Value: 276.0 mm<br>Anomaly: +41.4 mm<br>Percent of normal: <b>118%</b><br>Weather station: ","DATE: Jul-01<br><b>Normal cumulative precipitation</b><br>234.6 mm<br>Period: 1991-2020","DATE: Jul-01<br><b>25-75 percentile</b><br>190.9 to 278.5 mm","DATE: Jul-01<br><b>10-90 percentile</b><br>145.2 to 302.6 mm","6158733","TORONTO+LESTER+B.+PEARSON+INT",1953,2026
"07-02",2001-07-02,235.23,126,372.9,145.24,190.95,278.45,303.6,0,276,"","6158731",51459,"TORONTO INTL A","DATE: Jul-02<br><b>Daily precipitation</b><br>Value: 0.0 mm<br>Weather station: ",117.331972962632,"DATE: Jul-02<br><b>Cumulative precipitation</b><br>Value: 276.0 mm<br>Anomaly: +40.8 mm<br>Percent of normal: <b>117%</b><br>Weather station: ","DATE: Jul-02<br><b>Normal cumulative precipitation</b><br>235.2 mm<br>Period: 1991-2020","DATE: Jul-02<br><b>25-75 percentile</b><br>190.9 to 278.5 mm","DATE: Jul-02<br><b>10-90 percentile</b><br>145.2 to 303.6 mm","6158733","TORONTO+LESTER+B.+PEARSON+INT",1953,2026
"07-03",2001-07-03,236.036666666667,126,374.5,147.22,190.95,278.45,303.62,0,276,"","6158731",51459,"TORONTO INTL A","DATE: Jul-03<br><b>Daily precipitation</b><br>Value: 0.0 mm<br>Weather station: ",116.930985298894,"DATE: Jul-03<br><b>Cumulative precipitation</b><br>Value: 276.0 mm<br>Anomaly: +40.0 mm<br>Percent of normal: <b>117%</b><br>Weather station: ","DATE: Jul-03<br><b>Normal cumulative precipitation</b><br>236.0 mm<br>Period: 1991-2020","DATE: Jul-03<br><b>25-75 percentile</b><br>190.9 to 278.5 mm","DATE: Jul-03<br><b>10-90 percentile</b><br>147.2 to 303.6 mm","6158733","TORONTO+LESTER+B.+PEARSON+INT",1953,2026
"07-04",2001-07-04,237.703333333333,126,374.5,147.22,194.55,278.45,303.62,20.7,296.7,"","6158731",51459,"TORONTO INTL A","DATE: Jul-04<br><b>Daily precipitation</b><br>Value: 20.7 mm<br>Weather station: ",124.819452819341,"DATE: Jul-04<br><b>Cumulative precipitation</b><br>Value: 296.7 mm<br>Anomaly: +59.0 mm<br>Percent of normal: <b>125%</b><br>Weather station: ","DATE: Jul-04<br><b>Normal cumulative precipitation</b><br>237.7 mm<br>Period: 1991-2020","DATE: Jul-04<br><b>25-75 percentile</b><br>194.6 to 278.5 mm","DATE: Jul-04<br><b>10-90 percentile</b><br>147.2 to 303.6 mm","6158733","TORONTO+LESTER+B.+PEARSON+INT",1953,2026
"07-05",2001-07-05,239.736666666667,126,374.5,147.26,194.55,287.05,303.62,0,296.7,"","6158731",51459,"TORONTO INTL A","DATE: Jul-05<br><b>Daily precipitation</b><br>Value: 0.0 mm<br>Weather station: ",123.760793092421,"DATE: Jul-05<br><b>Cumulative precipitation</b><br>Value: 296.7 mm<br>Anomaly: +57.0 mm<br>Percent of normal: <b>124%</b><br>Weather station: ","DATE: Jul-05<br><b>Normal cumulative precipitation</b><br>239.7 mm<br>Period: 1991-2020","DATE: Jul-05<br><b>25-75 percentile</b><br>194.6 to 287.0 mm","DATE: Jul-05<br><b>10-90 percentile</b><br>147.3 to 303.6 mm","6158733","TORONTO+LESTER+B.+PEARSON+INT",1953,2026
"07-06",2001-07-06,240.256666666667,126.2,374.5,147.44,194.55,287.05,303.62,0,296.7,"","6158731",51459,"TORONTO INTL A","DATE: Jul-06<br><b>Daily precipitation</b><br>Value: 0.0 mm<br>Weather station: ",123.492931170831,"DATE: Jul-06<br><b>Cumulative precipitation</b><br>Value: 296.7 mm<br>Anomaly: +56.4 mm<br>Percent of normal: <b>123%</b><br>Weather station: ","DATE: Jul-06<br><b>Normal cumulative precipitation</b><br>240.3 mm<br>Period: 1991-2020","DATE: Jul-06<br><b>25-75 percentile</b><br>194.6 to 287.0 mm","DATE: Jul-06<br><b>10-90 percentile</b><br>147.4 to 303.6 mm","6158733","TORONTO+LESTER+B.+PEARSON+INT",1953,2026
"07-07",2001-07-07,245.21,126.8,374.5,147.44,195.25,289.55,318.74,0,296.7,"","6158731",51459,"TORONTO INTL A","DATE: Jul-07<br><b>Daily precipitation</b><br>Value: 0.0 mm<br>Weather station: ",120.998327963786,"DATE: Jul-07<br><b>Cumulative precipitation</b><br>Value: 296.7 mm<br>Anomaly: +51.5 mm<br>Percent of normal: <b>121%</b><br>Weather station: ","DATE: Jul-07<br><b>Normal cumulative precipitation</b><br>245.2 mm<br>Period: 1991-2020","DATE: Jul-07<br><b>25-75 percentile</b><br>195.3 to 289.6 mm","DATE: Jul-07<br><b>10-90 percentile</b><br>147.4 to 318.7 mm","6158733","TORONTO+LESTER+B.+PEARSON+INT",1953,2026
"07-08",2001-07-08,252.463333333333,127.8,444.6,156.8,195.25,289.55,333.54,0,296.7,"","6158731",51459,"TORONTO INTL A","DATE: Jul-08<br><b>Daily precipitation</b><br>Value: 0.0 mm<br>Weather station: ",117.522016398421,"DATE: Jul-08<br><b>Cumulative precipitation</b><br>Value: 296.7 mm<br>Anomaly: +44.2 mm<br>Percent of normal: <b>118%</b><br>Weather station: ","DATE: Jul-08<br><b>Normal cumulative precipitation</b><br>252.5 mm<br>Period: 1991-2020","DATE: Jul-08<br><b>25-75 percentile</b><br>195.3 to 289.6 mm","DATE: Jul-08<br><b>10-90 percentile</b><br>156.8 to 333.5 mm","6158733","TORONTO+LESTER+B.+PEARSON+INT",1953,2026
"07-09",2001-07-09,253.836666666667,133.8,445.2,157.16,195.25,296.4,333.56,8,304.7,"","6158731",51459,"TORONTO INTL A","DATE: Jul-09<br><b>Daily precipitation</b><br>Value: 8.0 mm<br>Weather station: ",120.037819595278,"DATE: Jul-09<br><b>Cumulative precipitation</b><br>Value: 304.7 mm<br>Anomaly: +50.9 mm<br>Percent of normal: <b>120%</b><br>Weather station: ","DATE: Jul-09<br><b>Normal cumulative precipitation</b><br>253.8 mm<br>Period: 1991-2020","DATE: Jul-09<br><b>25-75 percentile</b><br>195.3 to 296.4 mm","DATE: Jul-09<br><b>10-90 percentile</b><br>157.2 to 333.6 mm","6158733","TORONTO+LESTER+B.+PEARSON+INT",1953,2026
"07-10",2001-07-10,256.156666666667,133.8,445.2,158.42,208,297.65,333.56,0.2,304.9,"","6158731",51459,"TORONTO INTL A","DATE: Jul-10<br><b>Daily precipitation</b><br>Value: 0.2 mm<br>Weather station: ",119.02871940349,"DATE: Jul-10<br><b>Cumulative precipitation</b><br>Value: 304.9 mm<br>Anomaly: +48.7 mm<br>Percent of normal: <b>119%</b><br>Weather station: ","DATE: Jul-10<br><b>Normal cumulative precipitation</b><br>256.2 mm<br>Period: 1991-2020","DATE: Jul-10<br><b>25-75 percentile</b><br>208.0 to 297.6 mm","DATE: Jul-10<br><b>10-90 percentile</b><br>158.4 to 333.6 mm","6158733","TORONTO+LESTER+B.+PEARSON+INT",1953,2026
"07-11",2001-07-11,258.036666666667,133.8,445.2,166.34,208.05,300.15,333.56,0,304.9,"","6158731",51459,"TORONTO INTL A","DATE: Jul-11<br><b>Daily precipitation</b><br>Value: 0.0 mm<br>Weather station: ",118.16150159538,"DATE: Jul-11<br><b>Cumulative precipitation</b><br>Value: 304.9 mm<br>Anomaly: +46.9 mm<br>Percent of normal: <b>118%</b><br>Weather station: ","DATE: Jul-11<br><b>Normal cumulative precipitation</b><br>258.0 mm<br>Period: 1991-2020","DATE: Jul-11<br><b>25-75 percentile</b><br>208.0 to 300.2 mm","DATE: Jul-11<br><b>10-90 percentile</b><br>166.3 to 333.6 mm","6158733","TORONTO+LESTER+B.+PEARSON+INT",1953,2026
"07-12",2001-07-12,259.783333333333,133.8,445.2,166.34,208.325,300.2,333.62,0,304.9,"","6158731",51459,"TORONTO INTL A","DATE: Jul-12<br><b>Daily precipitation</b><br>Value: 0.0 mm<br>Weather station: ",117.367036633092,"DATE: Jul-12<br><b>Cumulative precipitation</b><br>Value: 304.9 mm<br>Anomaly: +45.1 mm<br>Percent of normal: <b>117%</b><br>Weather station: ","DATE: Jul-12<br><b>Normal cumulative precipitation</b><br>259.8 mm<br>Period: 1991-2020","DATE: Jul-12<br><b>25-75 percentile</b><br>208.3 to 300.2 mm","DATE: Jul-12<br><b>10-90 percentile</b><br>166.3 to 333.6 mm","6158733","TORONTO+LESTER+B.+PEARSON+INT",1953,2026
"07-13",2001-07-13,260.703333333333,138.6,445.2,166.34,208.625,300.4,334.2,0,304.9,"","6158731",51459,"TORONTO INTL A","DATE: Jul-13<br><b>Daily precipitation</b><br>Value: 0.0 mm<br>Weather station: ",116.95285829359,"DATE: Jul-13<br><b>Cumulative precipitation</b><br>Value: 304.9 mm<br>Anomaly: +44.2 mm<br>Percent of normal: <b>117%</b><br>Weather station: ","DATE: Jul-13<br><b>Normal cumulative precipitation</b><br>260.7 mm<br>Period: 1991-2020","DATE: Jul-13<br><b>25-75 percentile</b><br>208.6 to 300.4 mm","DATE: Jul-13<br><b>10-90 percentile</b><br>166.3 to 334.2 mm","6158733","TORONTO+LESTER+B.+PEARSON+INT",1953,2026
"07-14",2001-07-14,263.446666666667,144.4,445.2,166.34,208.925,307.9,336.6,0,304.9,"","6158731",51459,"TORONTO INTL A","DATE: Jul-14<br><b>Daily precipitation</b><br>Value: 0.0 mm<br>Weather station: ",115.735000126528,"DATE: Jul-14<br><b>Cumulative precipitation</b><br>Value: 304.9 mm<br>Anomaly: +41.5 mm<br>Percent of normal: <b>116%</b><br>Weather station: ","DATE: Jul-14<br><b>Normal cumulative precipitation</b><br>263.4 mm<br>Period: 1991-2020","DATE: Jul-14<br><b>25-75 percentile</b><br>208.9 to 307.9 mm","DATE: Jul-14<br><b>10-90 percentile</b><br>166.3 to 336.6 mm","6158733","TORONTO+LESTER+B.+PEARSON+INT",1953,2026
"07-15",2001-07-15,265.9,144.4,445.2,169.41,208.925,310.9,356.98,0,304.9,"","6158731",51459,"TORONTO INTL A","DATE: Jul-15<br><b>Daily precipitation</b><br>Value: 0.0 mm<br>Weather station: ",114.667168108311,"DATE: Jul-15<br><b>Cumulative precipitation</b><br>Value: 304.9 mm<br>Anomaly: +39.0 mm<br>Percent of normal: <b>115%</b><br>Weather station: ","DATE: Jul-15<br><b>Normal cumulative precipitation</b><br>265.9 mm<br>Period: 1991-2020","DATE: Jul-15<br><b>25-75 percentile</b><br>208.9 to 310.9 mm","DATE: Jul-15<br><b>10-90 percentile</b><br>169.4 to 357.0 mm","6158733","TORONTO+LESTER+B.+PEARSON+INT",1953,2026
"07-16",2001-07-16,266.613333333333,146.4,445.2,169.41,210.525,313.05,356.98,0,304.9,"","6158731",51459,"TORONTO INTL A","DATE: Jul-16<br><b>Daily precipitation</b><br>Value: 0.0 mm<br>Weather station: ",114.360372074415,"DATE: Jul-16<br><b>Cumulative precipitation</b><br>Value: 304.9 mm<br>Anomaly: +38.3 mm<br>Percent of normal: <b>114%</b><br>Weather station: ","DATE: Jul-16<br><b>Normal cumulative precipitation</b><br>266.6 mm<br>Period: 1991-2020","DATE: Jul-16<br><b>25-75 percentile</b><br>210.5 to 313.0 mm","DATE: Jul-16<br><b>10-90 percentile</b><br>169.4 to 357.0 mm","6158733","TORONTO+LESTER+B.+PEARSON+INT",1953,2026
"07-17",2001-07-17,270.913333333333,146.4,445.2,171.55,214.875,317,364.04,0,304.9,"","6158731",51459,"TORONTO INTL A","DATE: Jul-17<br><b>Daily precipitation</b><br>Value: 0.0 mm<br>Weather station: ",112.545217412703,"DATE: Jul-17<br><b>Cumulative precipitation</b><br>Value: 304.9 mm<br>Anomaly: +34.0 mm<br>Percent of normal: <b>113%</b><br>Weather station: ","DATE: Jul-17<br><b>Normal cumulative precipitation</b><br>270.9 mm<br>Period: 1991-2020","DATE: Jul-17<br><b>25-75 percentile</b><br>214.9 to 317.0 mm","DATE: Jul-17<br><b>10-90 percentile</b><br>171.5 to 364.0 mm","6158733","TORONTO+LESTER+B.+PEARSON+INT",1953,2026
"07-18",2001-07-18,271.646666666667,146.4,445.2,171.55,215.025,317,364.4,6.1,311,"","6158731",51459,"TORONTO INTL A","DATE: Jul-18<br><b>Daily precipitation</b><br>Value: 6.1 mm<br>Weather station: ",114.486956094927,"DATE: Jul-18<br><b>Cumulative precipitation</b><br>Value: 311.0 mm<br>Anomaly: +39.4 mm<br>Percent of normal: <b>114%</b><br>Weather station: ","DATE: Jul-18<br><b>Normal cumulative precipitation</b><br>271.6 mm<br>Period: 1991-2020","DATE: Jul-18<br><b>25-75 percentile</b><br>215.0 to 317.0 mm","DATE: Jul-18<br><b>10-90 percentile</b><br>171.5 to 364.4 mm","6158733","TORONTO+LESTER+B.+PEARSON+INT",1953,2026
"07-19",2001-07-19,276.246666666667,146.4,453.8,172,227.575,317.45,372.88,0,311,"","6158731",51459,"TORONTO INTL A","DATE: Jul-19<br><b>Daily precipitation</b><br>Value: 0.0 mm<br>Weather station: ",112.580543958298,"DATE: Jul-19<br><b>Cumulative precipitation</b><br>Value: 311.0 mm<br>Anomaly: +34.8 mm<br>Percent of normal: <b>113%</b><br>Weather station: ","DATE: Jul-19<br><b>Normal cumulative precipitation</b><br>276.2 mm<br>Period: 1991-2020","DATE: Jul-19<br><b>25-75 percentile</b><br>227.6 to 317.5 mm","DATE: Jul-19<br><b>10-90 percentile</b><br>172.0 to 372.9 mm","6158733","TORONTO+LESTER+B.+PEARSON+INT",1953,2026
"07-20",2001-07-20,279.233333333333,146.4,455.4,172,228.175,324.45,376.76,0,311,"","6158731",51459,"TORONTO INTL A","DATE: Jul-20<br><b>Daily precipitation</b><br>Value: 0.0 mm<br>Weather station: ",111.376387728304,"DATE: Jul-20<br><b>Cumulative precipitation</b><br>Value: 311.0 mm<br>Anomaly: +31.8 mm<br>Percent of normal: <b>111%</b><br>Weather station: ","DATE: Jul-20<br><b>Normal cumulative precipitation</b><br>279.2 mm<br>Period: 1991-2020","DATE: Jul-20<br><b>25-75 percentile</b><br>228.2 to 324.5 mm","DATE: Jul-20<br><b>10-90 percentile</b><br>172.0 to 376.8 mm","6158733","TORONTO+LESTER+B.+PEARSON+INT",1953,2026
"07-21",2001-07-21,280.346666666667,146.4,455.4,172.4,228.175,325.45,376.76,12.7,323.7,"","6158731",51459,"TORONTO INTL A","DATE: Jul-21<br><b>Daily precipitation</b><br>Value: 12.7 mm<br>Weather station: ",115.464187196804,"DATE: Jul-21<br><b>Cumulative precipitation</b><br>Value: 323.7 mm<br>Anomaly: +43.4 mm<br>Percent of normal: <b>115%</b><br>Weather station: ","DATE: Jul-21<br><b>Normal cumulative precipitation</b><br>280.3 mm<br>Period: 1991-2020","DATE: Jul-21<br><b>25-75 percentile</b><br>228.2 to 325.5 mm","DATE: Jul-21<br><b>10-90 percentile</b><br>172.4 to 376.8 mm","6158733","TORONTO+LESTER+B.+PEARSON+INT",1953,2026
"07-22",2001-07-22,285.973333333333,146.4,455.4,174.11,228.175,336.6,390.85,0,323.7,"","6158731",51459,"TORONTO INTL A","DATE: Jul-22<br><b>Daily precipitation</b><br>Value: 0.0 mm<br>Weather station: ",113.192372249161,"DATE: Jul-22<br><b>Cumulative precipitation</b><br>Value: 323.7 mm<br>Anomaly: +37.7 mm<br>Percent of normal: <b>113%</b><br>Weather station: ","DATE: Jul-22<br><b>Normal cumulative precipitation</b><br>286.0 mm<br>Period: 1991-2020","DATE: Jul-22<br><b>25-75 percentile</b><br>228.2 to 336.6 mm","DATE: Jul-22<br><b>10-90 percentile</b><br>174.1 to 390.8 mm","6158733","TORONTO+LESTER+B.+PEARSON+INT",1953,2026
"07-23",2001-07-23,290.733333333333,146.4,455.4,174.11,229.925,346.8,390.85,0,323.7,"","6158731",51459,"TORONTO INTL A","DATE: Jul-23<br><b>Daily precipitation</b><br>Value: 0.0 mm<br>Weather station: ",111.339142398532,"DATE: Jul-23<br><b>Cumulative precipitation</b><br>Value: 323.7 mm<br>Anomaly: +33.0 mm<br>Percent of normal: <b>111%</b><br>Weather station: ","DATE: Jul-23<br><b>Normal cumulative precipitation</b><br>290.7 mm<br>Period: 1991-2020","DATE: Jul-23<br><b>25-75 percentile</b><br>229.9 to 346.8 mm","DATE: Jul-23<br><b>10-90 percentile</b><br>174.1 to 390.8 mm","6158733","TORONTO+LESTER+B.+PEARSON+INT",1953,2026
"07-24",2001-07-24,291.446666666667,146.4,455.4,175.91,230.075,346.8,390.85,0,323.7,"","6158731",51459,"TORONTO INTL A","DATE: Jul-24<br><b>Daily precipitation</b><br>Value: 0.0 mm<br>Weather station: ",111.066633117552,"DATE: Jul-24<br><b>Cumulative precipitation</b><br>Value: 323.7 mm<br>Anomaly: +32.3 mm<br>Percent of normal: <b>111%</b><br>Weather station: ","DATE: Jul-24<br><b>Normal cumulative precipitation</b><br>291.4 mm<br>Period: 1991-2020","DATE: Jul-24<br><b>25-75 percentile</b><br>230.1 to 346.8 mm","DATE: Jul-24<br><b>10-90 percentile</b><br>175.9 to 390.8 mm","6158733","TORONTO+LESTER+B.+PEARSON+INT",1953,2026
"07-25",2001-07-25,293.52,150.8,455.4,175.91,230.075,346.8,391.93,0,323.7,"","6158731",51459,"TORONTO INTL A","DATE: Jul-25<br><b>Daily precipitation</b><br>Value: 0.0 mm<br>Weather station: ",110.28209321341,"DATE: Jul-25<br><b>Cumulative precipitation</b><br>Value: 323.7 mm<br>Anomaly: +30.2 mm<br>Percent of normal: <b>110%</b><br>Weather station: ","DATE: Jul-25<br><b>Normal cumulative precipitation</b><br>293.5 mm<br>Period: 1991-2020","DATE: Jul-25<br><b>25-75 percentile</b><br>230.1 to 346.8 mm","DATE: Jul-25<br><b>10-90 percentile</b><br>175.9 to 391.9 mm","6158733","TORONTO+LESTER+B.+PEARSON+INT",1953,2026
"07-26",2001-07-26,296.266666666667,154.2,455.4,175.91,230.075,352.7,391.93,1.1,324.8,"","6158731",51459,"TORONTO INTL A","DATE: Jul-26<br><b>Daily precipitation</b><br>Value: 1.1 mm<br>Weather station: ",109.63096309631,"DATE: Jul-26<br><b>Cumulative precipitation</b><br>Value: 324.8 mm<br>Anomaly: +28.5 mm<br>Percent of normal: <b>110%</b><br>Weather station: ","DATE: Jul-26<br><b>Normal cumulative precipitation</b><br>296.3 mm<br>Period: 1991-2020","DATE: Jul-26<br><b>25-75 percentile</b><br>230.1 to 352.7 mm","DATE: Jul-26<br><b>10-90 percentile</b><br>175.9 to 391.9 mm","6158733","TORONTO+LESTER+B.+PEARSON+INT",1953,2026
"07-27",2001-07-27,298.38,155.4,455.4,175.91,232.375,352.75,392.65,6.2,331,"","6158731",51459,"TORONTO INTL A","DATE: Jul-27<br><b>Daily precipitation</b><br>Value: 6.2 mm<br>Weather station: ",110.932368121188,"DATE: Jul-27<br><b>Cumulative precipitation</b><br>Value: 331.0 mm<br>Anomaly: +32.6 mm<br>Percent of normal: <b>111%</b><br>Weather station: ","DATE: Jul-27<br><b>Normal cumulative precipitation</b><br>298.4 mm<br>Period: 1991-2020","DATE: Jul-27<br><b>25-75 percentile</b><br>232.4 to 352.8 mm","DATE: Jul-27<br><b>10-90 percentile</b><br>175.9 to 392.6 mm","6158733","TORONTO+LESTER+B.+PEARSON+INT",1953,2026
"07-28",2001-07-28,300.48,156,455.4,176.39,232.375,354.25,392.87,14.4,345.4,"","6158731",51459,"TORONTO INTL A","DATE: Jul-28<br><b>Daily precipitation</b><br>Value: 14.4 mm<br>Weather station: ",114.949414270501,"DATE: Jul-28<br><b>Cumulative precipitation</b><br>Value: 345.4 mm<br>Anomaly: +44.9 mm<br>Percent of normal: <b>115%</b><br>Weather station: ","DATE: Jul-28<br><b>Normal cumulative precipitation</b><br>300.5 mm<br>Period: 1991-2020","DATE: Jul-28<br><b>25-75 percentile</b><br>232.4 to 354.2 mm","DATE: Jul-28<br><b>10-90 percentile</b><br>176.4 to 392.9 mm","6158733","TORONTO+LESTER+B.+PEARSON+INT",1953,2026
"07-29",2001-07-29,302.606666666667,159.8,455.6,176.39,232.375,355.7,393.23,0,345.4,"","6158731",51459,"TORONTO INTL A","DATE: Jul-29<br><b>Daily precipitation</b><br>Value: 0.0 mm<br>Weather station: ",114.141569914741,"DATE: Jul-29<br><b>Cumulative precipitation</b><br>Value: 345.4 mm<br>Anomaly: +42.8 mm<br>Percent of normal: <b>114%</b><br>Weather station: ","DATE: Jul-29<br><b>Normal cumulative precipitation</b><br>302.6 mm<br>Period: 1991-2020","DATE: Jul-29<br><b>25-75 percentile</b><br>232.4 to 355.7 mm","DATE: Jul-29<br><b>10-90 percentile</b><br>176.4 to 393.2 mm","6158733","TORONTO+LESTER+B.+PEARSON+INT",1953,2026
"07-30",2001-07-30,305.3,160.2,455.6,176.39,232.475,356.6,404.18,0,345.4,"","6158731",51459,"TORONTO INTL A","DATE: Jul-30<br><b>Daily precipitation</b><br>Value: 0.0 mm<br>Weather station: ",113.13462168359,"DATE: Jul-30<br><b>Cumulative precipitation</b><br>Value: 345.4 mm<br>Anomaly: +40.1 mm<br>Percent of normal: <b>113%</b><br>Weather station: ","DATE: Jul-30<br><b>Normal cumulative precipitation</b><br>305.3 mm<br>Period: 1991-2020","DATE: Jul-30<br><b>25-75 percentile</b><br>232.5 to 356.6 mm","DATE: Jul-30<br><b>10-90 percentile</b><br>176.4 to 404.2 mm","6158733","TORONTO+LESTER+B.+PEARSON+INT",1953,2026
"07-31",2001-07-31,309.106666666667,160.2,469,196.19,257.275,363.65,406.79,0,345.4,"","6158731",51459,"TORONTO INTL A","DATE: Jul-31<br><b>Daily precipitation</b><br>Value: 0.0 mm<br>Weather station: ",111.741362205064,"DATE: Jul-31<br><b>Cumulative precipitation</b><br>Value: 345.4 mm<br>Anomaly: +36.3 mm<br>Percent of normal: <b>112%</b><br>Weather station: ","DATE: Jul-31<br><b>Normal cumulative precipitation</b><br>309.1 mm<br>Period: 1991-2020","DATE: Jul-31<br><b>25-75 percentile</b><br>257.3 to 363.6 mm","DATE: Jul-31<br><b>10-90 percentile</b><br>196.2 to 406.8 mm","6158733","TORONTO+LESTER+B.+PEARSON+INT",1953,2026
"08-01",2001-08-01,311.973333333333,165,496.4,196.19,257.275,363.65,414.73,0.2,345.6,"","6158731",51459,"TORONTO INTL A","DATE: Aug-01<br><b>Daily precipitation</b><br>Value: 0.2 mm<br>Weather station: ",110.778699034105,"DATE: Aug-01<br><b>Cumulative precipitation</b><br>Value: 345.6 mm<br>Anomaly: +33.6 mm<br>Percent of normal: <b>111%</b><br>Weather station: ","DATE: Aug-01<br><b>Normal cumulative precipitation</b><br>312.0 mm<br>Period: 1991-2020","DATE: Aug-01<br><b>25-75 percentile</b><br>257.3 to 363.6 mm","DATE: Aug-01<br><b>10-90 percentile</b><br>196.2 to 414.7 mm","6158733","TORONTO+LESTER+B.+PEARSON+INT",1953,2026
"08-02",2001-08-02,316.246666666667,167,499.2,200.93,257.275,365.1,415.81,23.8,369.4,"","6158731",51459,"TORONTO INTL A","DATE: Aug-02<br><b>Daily precipitation</b><br>Value: 23.8 mm<br>Weather station: ",116.80755528385,"DATE: Aug-02<br><b>Cumulative precipitation</b><br>Value: 369.4 mm<br>Anomaly: +53.2 mm<br>Percent of normal: <b>117%</b><br>Weather station: ","DATE: Aug-02<br><b>Normal cumulative precipitation</b><br>316.2 mm<br>Period: 1991-2020","DATE: Aug-02<br><b>25-75 percentile</b><br>257.3 to 365.1 mm","DATE: Aug-02<br><b>10-90 percentile</b><br>200.9 to 415.8 mm","6158733","TORONTO+LESTER+B.+PEARSON+INT",1953,2026
"08-03",2001-08-03,320.04,167,499.2,201.01,265.6,366,415.81,1.9,371.3,"","6158731",51459,"TORONTO INTL A","DATE: Aug-03<br><b>Daily precipitation</b><br>Value: 1.9 mm<br>Weather station: ",116.016747906512,"DATE: Aug-03<br><b>Cumulative precipitation</b><br>Value: 371.3 mm<br>Anomaly: +51.3 mm<br>Percent of normal: <b>116%</b><br>Weather station: ","DATE: Aug-03<br><b>Normal cumulative precipitation</b><br>320.0 mm<br>Period: 1991-2020","DATE: Aug-03<br><b>25-75 percentile</b><br>265.6 to 366.0 mm","DATE: Aug-03<br><b>10-90 percentile</b><br>201.0 to 415.8 mm","6158733","TORONTO+LESTER+B.+PEARSON+INT",1953,2026
"08-04",2001-08-04,324.66,167,499.2,209.39,268.2,368.15,421.87,0,371.3,"","6158731",51459,"TORONTO INTL A","DATE: Aug-04<br><b>Daily precipitation</b><br>Value: 0.0 mm<br>Weather station: ",114.365798065669,"DATE: Aug-04<br><b>Cumulative precipitation</b><br>Value: 371.3 mm<br>Anomaly: +46.6 mm<br>Percent of normal: <b>114%</b><br>Weather station: ","DATE: Aug-04<br><b>Normal cumulative precipitation</b><br>324.7 mm<br>Period: 1991-2020","DATE: Aug-04<br><b>25-75 percentile</b><br>268.2 to 368.1 mm","DATE: Aug-04<br><b>10-90 percentile</b><br>209.4 to 421.9 mm","6158733","TORONTO+LESTER+B.+PEARSON+INT",1953,2026
"08-05",2001-08-05,326.366666666667,167,499.2,209.39,268.8,368.15,422.37,0,371.3,"","6158731",51459,"TORONTO INTL A","DATE: Aug-05<br><b>Daily precipitation</b><br>Value: 0.0 mm<br>Weather station: ",113.767745889082,"DATE: Aug-05<br><b>Cumulative precipitation</b><br>Value: 371.3 mm<br>Anomaly: +44.9 mm<br>Percent of normal: <b>114%</b><br>Weather station: ","DATE: Aug-05<br><b>Normal cumulative precipitation</b><br>326.4 mm<br>Period: 1991-2020","DATE: Aug-05<br><b>25-75 percentile</b><br>268.8 to 368.1 mm","DATE: Aug-05<br><b>10-90 percentile</b><br>209.4 to 422.4 mm","6158733","TORONTO+LESTER+B.+PEARSON+INT",1953,2026
"08-06",2001-08-06,327.76,167,499.2,210.65,269.925,368.15,422.55,21.4,392.7,"","6158731",51459,"TORONTO INTL A","DATE: Aug-06<br><b>Daily precipitation</b><br>Value: 21.4 mm<br>Weather station: ",119.813278008299,"DATE: Aug-06<br><b>Cumulative precipitation</b><br>Value: 392.7 mm<br>Anomaly: +64.9 mm<br>Percent of normal: <b>120%</b><br>Weather station: ","DATE: Aug-06<br><b>Normal cumulative precipitation</b><br>327.8 mm<br>Period: 1991-2020","DATE: Aug-06<br><b>25-75 percentile</b><br>269.9 to 368.1 mm","DATE: Aug-06<br><b>10-90 percentile</b><br>210.6 to 422.6 mm","6158733","TORONTO+LESTER+B.+PEARSON+INT",1953,2026
"08-07",2001-08-07,329.753333333333,167,502.4,213.53,276.225,368.15,423.85,0,392.7,"","6158731",51459,"TORONTO INTL A","DATE: Aug-07<br><b>Daily precipitation</b><br>Value: 0.0 mm<br>Weather station: ",119.089016032186,"DATE: Aug-07<br><b>Cumulative precipitation</b><br>Value: 392.7 mm<br>Anomaly: +62.9 mm<br>Percent of normal: <b>119%</b><br>Weather station: ","DATE: Aug-07<br><b>Normal cumulative precipitation</b><br>329.8 mm<br>Period: 1991-2020","DATE: Aug-07<br><b>25-75 percentile</b><br>276.2 to 368.1 mm","DATE: Aug-07<br><b>10-90 percentile</b><br>213.5 to 423.8 mm","6158733","TORONTO+LESTER+B.+PEARSON+INT",1953,2026
"08-08",2001-08-08,332.54,167,502.4,214.25,276.225,377.55,432.74,0,392.7,"","6158731",51459,"TORONTO INTL A","DATE: Aug-08<br><b>Daily precipitation</b><br>Value: 0.0 mm<br>Weather station: ",118.091056714982,"DATE: Aug-08<br><b>Cumulative precipitation</b><br>Value: 392.7 mm<br>Anomaly: +60.2 mm<br>Percent of normal: <b>118%</b><br>Weather station: ","DATE: Aug-08<br><b>Normal cumulative precipitation</b><br>332.5 mm<br>Period: 1991-2020","DATE: Aug-08<br><b>25-75 percentile</b><br>276.2 to 377.5 mm","DATE: Aug-08<br><b>10-90 percentile</b><br>214.2 to 432.7 mm","6158733","TORONTO+LESTER+B.+PEARSON+INT",1953,2026
"08-09",2001-08-09,335.94,167,502.4,214.25,276.225,402.7,432.78,0,392.7,"","6158731",51459,"TORONTO INTL A","DATE: Aug-09<br><b>Daily precipitation</b><br>Value: 0.0 mm<br>Weather station: ",116.895874263261,"DATE: Aug-09<br><b>Cumulative precipitation</b><br>Value: 392.7 mm<br>Anomaly: +56.8 mm<br>Percent of normal: <b>117%</b><br>Weather station: ","DATE: Aug-09<br><b>Normal cumulative precipitation</b><br>335.9 mm<br>Period: 1991-2020","DATE: Aug-09<br><b>25-75 percentile</b><br>276.2 to 402.7 mm","DATE: Aug-09<br><b>10-90 percentile</b><br>214.2 to 432.8 mm","6158733","TORONTO+LESTER+B.+PEARSON+INT",1953,2026
"08-10",2001-08-10,339.793333333333,167,502.4,217.83,282.7,402.7,433.46,0,392.7,"","6158731",51459,"TORONTO INTL A","DATE: Aug-10<br><b>Daily precipitation</b><br>Value: 0.0 mm<br>Weather station: ",115.570248582472,"DATE: Aug-10<br><b>Cumulative precipitation</b><br>Value: 392.7 mm<br>Anomaly: +52.9 mm<br>Percent of normal: <b>116%</b><br>Weather station: ","DATE: Aug-10<br><b>Normal cumulative precipitation</b><br>339.8 mm<br>Period: 1991-2020","DATE: Aug-10<br><b>25-75 percentile</b><br>282.7 to 402.7 mm","DATE: Aug-10<br><b>10-90 percentile</b><br>217.8 to 433.5 mm","6158733","TORONTO+LESTER+B.+PEARSON+INT",1953,2026
"08-11",2001-08-11,343.193333333333,167,502.4,217.83,285.3,403.75,439.22,0,392.7,"","6158731",51459,"TORONTO INTL A","DATE: Aug-11<br><b>Daily precipitation</b><br>Value: 0.0 mm<br>Weather station: ",114.425299636745,"DATE: Aug-11<br><b>Cumulative precipitation</b><br>Value: 392.7 mm<br>Anomaly: +49.5 mm<br>Percent of normal: <b>114%</b><br>Weather station: ","DATE: Aug-11<br><b>Normal cumulative precipitation</b><br>343.2 mm<br>Period: 1991-2020","DATE: Aug-11<br><b>25-75 percentile</b><br>285.3 to 403.7 mm","DATE: Aug-11<br><b>10-90 percentile</b><br>217.8 to 439.2 mm","6158733","TORONTO+LESTER+B.+PEARSON+INT",1953,2026
"08-12",2001-08-12,344.466666666667,167.2,502.6,218.45,285.325,406.15,441.56,15.5,408.2,"","6158731",51459,"TORONTO INTL A","DATE: Aug-12<br><b>Daily precipitation</b><br>Value: 15.5 mm<br>Weather station: ",118.50203212696,"DATE: Aug-12<br><b>Cumulative precipitation</b><br>Value: 408.2 mm<br>Anomaly: +63.7 mm<br>Percent of normal: <b>119%</b><br>Weather station: ","DATE: Aug-12<br><b>Normal cumulative precipitation</b><br>344.5 mm<br>Period: 1991-2020","DATE: Aug-12<br><b>25-75 percentile</b><br>285.3 to 406.2 mm","DATE: Aug-12<br><b>10-90 percentile</b><br>218.4 to 441.6 mm","6158733","TORONTO+LESTER+B.+PEARSON+INT",1953,2026
"08-13",2001-08-13,346.666666666667,187.2,502.6,222.05,285.325,406.15,442.22,0,408.2,"","6158731",51459,"TORONTO INTL A","DATE: Aug-13<br><b>Daily precipitation</b><br>Value: 0.0 mm<br>Weather station: ",117.75,"DATE: Aug-13<br><b>Cumulative precipitation</b><br>Value: 408.2 mm<br>Anomaly: +61.5 mm<br>Percent of normal: <b>118%</b><br>Weather station: ","DATE: Aug-13<br><b>Normal cumulative precipitation</b><br>346.7 mm<br>Period: 1991-2020","DATE: Aug-13<br><b>25-75 percentile</b><br>285.3 to 406.2 mm","DATE: Aug-13<br><b>10-90 percentile</b><br>222.0 to 442.2 mm","6158733","TORONTO+LESTER+B.+PEARSON+INT",1953,2026
"08-14",2001-08-14,348.76,187.2,502.6,222.21,286.025,410.325,442.22,0,408.2,"","6158731",51459,"TORONTO INTL A","DATE: Aug-14<br><b>Daily precipitation</b><br>Value: 0.0 mm<br>Weather station: ",117.043238903544,"DATE: Aug-14<br><b>Cumulative precipitation</b><br>Value: 408.2 mm<br>Anomaly: +59.4 mm<br>Percent of normal: <b>117%</b><br>Weather station: ","DATE: Aug-14<br><b>Normal cumulative precipitation</b><br>348.8 mm<br>Period: 1991-2020","DATE: Aug-14<br><b>25-75 percentile</b><br>286.0 to 410.3 mm","DATE: Aug-14<br><b>10-90 percentile</b><br>222.2 to 442.2 mm","6158733","TORONTO+LESTER+B.+PEARSON+INT",1953,2026
"08-15",2001-08-15,350.256666666667,195.2,502.6,222.21,286.025,411.375,442.22,0,408.2,"","6158731",51459,"TORONTO INTL A","DATE: Aug-15<br><b>Daily precipitation</b><br>Value: 0.0 mm<br>Weather station: ",116.543106483817,"DATE: Aug-15<br><b>Cumulative precipitation</b><br>Value: 408.2 mm<br>Anomaly: +57.9 mm<br>Percent of normal: <b>117%</b><br>Weather station: ","DATE: Aug-15<br><b>Normal cumulative precipitation</b><br>350.3 mm<br>Period: 1991-2020","DATE: Aug-15<br><b>25-75 percentile</b><br>286.0 to 411.4 mm","DATE: Aug-15<br><b>10-90 percentile</b><br>222.2 to 442.2 mm","6158733","TORONTO+LESTER+B.+PEARSON+INT",1953,2026
"08-16",2001-08-16,352.216666666667,207.4,502.6,222.21,287.225,411.375,442.62,0,408.2,"","6158731",51459,"TORONTO INTL A","DATE: Aug-16<br><b>Daily precipitation</b><br>Value: 0.0 mm<br>Weather station: ",115.894572469597,"DATE: Aug-16<br><b>Cumulative precipitation</b><br>Value: 408.2 mm<br>Anomaly: +56.0 mm<br>Percent of normal: <b>116%</b><br>Weather station: ","DATE: Aug-16<br><b>Normal cumulative precipitation</b><br>352.2 mm<br>Period: 1991-2020","DATE: Aug-16<br><b>25-75 percentile</b><br>287.2 to 411.4 mm","DATE: Aug-16<br><b>10-90 percentile</b><br>222.2 to 442.6 mm","6158733","TORONTO+LESTER+B.+PEARSON+INT",1953,2026
"08-17",2001-08-17,354.343333333333,207.4,502.6,222.21,291.075,423.225,451.26,0,408.2,"","6158731",51459,"TORONTO INTL A","DATE: Aug-17<br><b>Daily precipitation</b><br>Value: 0.0 mm<br>Weather station: ",115.199006613172,"DATE: Aug-17<br><b>Cumulative precipitation</b><br>Value: 408.2 mm<br>Anomaly: +53.9 mm<br>Percent of normal: <b>115%</b><br>Weather station: ","DATE: Aug-17<br><b>Normal cumulative precipitation</b><br>354.3 mm<br>Period: 1991-2020","DATE: Aug-17<br><b>25-75 percentile</b><br>291.1 to 423.2 mm","DATE: Aug-17<br><b>10-90 percentile</b><br>222.2 to 451.3 mm","6158733","TORONTO+LESTER+B.+PEARSON+INT",1953,2026
"08-18",2001-08-18,355.116666666667,207.4,511.4,222.21,291.675,426.3,451.56,0,408.2,"","6158731",51459,"TORONTO INTL A","DATE: Aug-18<br><b>Daily precipitation</b><br>Value: 0.0 mm<br>Weather station: ",114.948139109213,"DATE: Aug-18<br><b>Cumulative precipitation</b><br>Value: 408.2 mm<br>Anomaly: +53.1 mm<br>Percent of normal: <b>115%</b><br>Weather station: ","DATE: Aug-18<br><b>Normal cumulative precipitation</b><br>355.1 mm<br>Period: 1991-2020","DATE: Aug-18<br><b>25-75 percentile</b><br>291.7 to 426.3 mm","DATE: Aug-18<br><b>10-90 percentile</b><br>222.2 to 451.6 mm","6158733","TORONTO+LESTER+B.+PEARSON+INT",1953,2026
"08-19",2001-08-19,357.47,207.4,511.4,233.03,291.9,426.3,451.56,0.5,408.7,"","6158731",51459,"TORONTO INTL A","DATE: Aug-19<br><b>Daily precipitation</b><br>Value: 0.5 mm<br>Weather station: ",114.33127255434,"DATE: Aug-19<br><b>Cumulative precipitation</b><br>Value: 408.7 mm<br>Anomaly: +51.2 mm<br>Percent of normal: <b>114%</b><br>Weather station: ","DATE: Aug-19<br><b>Normal cumulative precipitation</b><br>357.5 mm<br>Period: 1991-2020","DATE: Aug-19<br><b>25-75 percentile</b><br>291.9 to 426.3 mm","DATE: Aug-19<br><b>10-90 percentile</b><br>233.0 to 451.6 mm","6158733","TORONTO+LESTER+B.+PEARSON+INT",1953,2026
"08-20",2001-08-20,360.893333333333,210.2,511.4,254.11,291.9,426.3,457.64,0,408.7,"","6158731",51459,"TORONTO INTL A","DATE: Aug-20<br><b>Daily precipitation</b><br>Value: 0.0 mm<br>Weather station: ",113.246758044852,"DATE: Aug-20<br><b>Cumulative precipitation</b><br>Value: 408.7 mm<br>Anomaly: +47.8 mm<br>Percent of normal: <b>113%</b><br>Weather station: ","DATE: Aug-20<br><b>Normal cumulative precipitation</b><br>360.9 mm<br>Period: 1991-2020","DATE: Aug-20<br><b>25-75 percentile</b><br>291.9 to 426.3 mm","DATE: Aug-20<br><b>10-90 percentile</b><br>254.1 to 457.6 mm","6158733","TORONTO+LESTER+B.+PEARSON+INT",1953,2026
"08-21",2001-08-21,363.993333333333,211.6,511.4,255.09,291.9,432.625,457.66,0,408.7,"","6158731",51459,"TORONTO INTL A","DATE: Aug-21<br><b>Daily precipitation</b><br>Value: 0.0 mm<br>Weather station: ",112.282276232165,"DATE: Aug-21<br><b>Cumulative precipitation</b><br>Value: 408.7 mm<br>Anomaly: +44.7 mm<br>Percent of normal: <b>112%</b><br>Weather station: ","DATE: Aug-21<br><b>Normal cumulative precipitation</b><br>364.0 mm<br>Period: 1991-2020","DATE: Aug-21<br><b>25-75 percentile</b><br>291.9 to 432.6 mm","DATE: Aug-21<br><b>10-90 percentile</b><br>255.1 to 457.7 mm","6158733","TORONTO+LESTER+B.+PEARSON+INT",1953,2026
"08-22",2001-08-22,365.426666666667,211.6,511.4,255.23,291.9,433.725,459.94,15.5,424.2,"","6158731",51459,"TORONTO INTL A","DATE: Aug-22<br><b>Daily precipitation</b><br>Value: 15.5 mm<br>Weather station: ",116.083482322035,"DATE: Aug-22<br><b>Cumulative precipitation</b><br>Value: 424.2 mm<br>Anomaly: +58.8 mm<br>Percent of normal: <b>116%</b><br>Weather station: ","DATE: Aug-22<br><b>Normal cumulative precipitation</b><br>365.4 mm<br>Period: 1991-2020","DATE: Aug-22<br><b>25-75 percentile</b><br>291.9 to 433.7 mm","DATE: Aug-22<br><b>10-90 percentile</b><br>255.2 to 459.9 mm","6158733","TORONTO+LESTER+B.+PEARSON+INT",1953,2026
"08-23",2001-08-23,366.04,211.6,511.4,255.23,291.9,436.8,459.94,17,441.2,"","6158731",51459,"TORONTO INTL A","DATE: Aug-23<br><b>Daily precipitation</b><br>Value: 17.0 mm<br>Weather station: ",120.533275051907,"DATE: Aug-23<br><b>Cumulative precipitation</b><br>Value: 441.2 mm<br>Anomaly: +75.2 mm<br>Percent of normal: <b>121%</b><br>Weather station: ","DATE: Aug-23<br><b>Normal cumulative precipitation</b><br>366.0 mm<br>Period: 1991-2020","DATE: Aug-23<br><b>25-75 percentile</b><br>291.9 to 436.8 mm","DATE: Aug-23<br><b>10-90 percentile</b><br>255.2 to 459.9 mm","6158733","TORONTO+LESTER+B.+PEARSON+INT",1953,2026
"08-24",2001-08-24,366.593333333333,212.4,511.4,255.47,291.9,436.8,459.94,0,441.2,"","6158731",51459,"TORONTO INTL A","DATE: Aug-24<br><b>Daily precipitation</b><br>Value: 0.0 mm<br>Weather station: ",120.351342995872,"DATE: Aug-24<br><b>Cumulative precipitation</b><br>Value: 441.2 mm<br>Anomaly: +74.6 mm<br>Percent of normal: <b>120%</b><br>Weather station: ","DATE: Aug-24<br><b>Normal cumulative precipitation</b><br>366.6 mm<br>Period: 1991-2020","DATE: Aug-24<br><b>25-75 percentile</b><br>291.9 to 436.8 mm","DATE: Aug-24<br><b>10-90 percentile</b><br>255.5 to 459.9 mm","6158733","TORONTO+LESTER+B.+PEARSON+INT",1953,2026
"08-25",2001-08-25,368.333333333333,227,511.4,255.74,291.9,443.175,459.94,0,441.2,"","6158731",51459,"TORONTO INTL A","DATE: Aug-25<br><b>Daily precipitation</b><br>Value: 0.0 mm<br>Weather station: ",119.782805429864,"DATE: Aug-25<br><b>Cumulative precipitation</b><br>Value: 441.2 mm<br>Anomaly: +72.9 mm<br>Percent of normal: <b>120%</b><br>Weather station: ","DATE: Aug-25<br><b>Normal cumulative precipitation</b><br>368.3 mm<br>Period: 1991-2020","DATE: Aug-25<br><b>25-75 percentile</b><br>291.9 to 443.2 mm","DATE: Aug-25<br><b>10-90 percentile</b><br>255.7 to 459.9 mm","6158733","TORONTO+LESTER+B.+PEARSON+INT",1953,2026
"08-26",2001-08-26,369.78,227,522,255.74,295.2,443.325,466.16,0,441.2,"","6158731",51459,"TORONTO INTL A","DATE: Aug-26<br><b>Daily precipitation</b><br>Value: 0.0 mm<br>Weather station: ",119.314186813781,"DATE: Aug-26<br><b>Cumulative precipitation</b><br>Value: 441.2 mm<br>Anomaly: +71.4 mm<br>Percent of normal: <b>119%</b><br>Weather station: ","DATE: Aug-26<br><b>Normal cumulative precipitation</b><br>369.8 mm<br>Period: 1991-2020","DATE: Aug-26<br><b>25-75 percentile</b><br>295.2 to 443.3 mm","DATE: Aug-26<br><b>10-90 percentile</b><br>255.7 to 466.2 mm","6158733","TORONTO+LESTER+B.+PEARSON+INT",1953,2026
"08-27",2001-08-27,372.473333333333,227,536.2,255.74,296.475,447.325,473.2,0,441.2,"","6158731",51459,"TORONTO INTL A","DATE: Aug-27<br><b>Daily precipitation</b><br>Value: 0.0 mm<br>Weather station: ",118.451432764762,"DATE: Aug-27<br><b>Cumulative precipitation</b><br>Value: 441.2 mm<br>Anomaly: +68.7 mm<br>Percent of normal: <b>118%</b><br>Weather station: ","DATE: Aug-27<br><b>Normal cumulative precipitation</b><br>372.5 mm<br>Period: 1991-2020","DATE: Aug-27<br><b>25-75 percentile</b><br>296.5 to 447.3 mm","DATE: Aug-27<br><b>10-90 percentile</b><br>255.7 to 473.2 mm","6158733","TORONTO+LESTER+B.+PEARSON+INT",1953,2026
"08-28",2001-08-28,374.893333333333,227,536.2,256.37,296.625,447.325,485.02,0,441.2,"","6158731",51459,"TORONTO INTL A","DATE: Aug-28<br><b>Daily precipitation</b><br>Value: 0.0 mm<br>Weather station: ",117.68680869225,"DATE: Aug-28<br><b>Cumulative precipitation</b><br>Value: 441.2 mm<br>Anomaly: +66.3 mm<br>Percent of normal: <b>118%</b><br>Weather station: ","DATE: Aug-28<br><b>Normal cumulative precipitation</b><br>374.9 mm<br>Period: 1991-2020","DATE: Aug-28<br><b>25-75 percentile</b><br>296.6 to 447.3 mm","DATE: Aug-28<br><b>10-90 percentile</b><br>256.4 to 485.0 mm","6158733","TORONTO+LESTER+B.+PEARSON+INT",1953,2026
"08-29",2001-08-29,376.313333333333,227,536.2,256.37,297.975,447.325,496.02,0,441.2,"","6158731",51459,"TORONTO INTL A","DATE: Aug-29<br><b>Daily precipitation</b><br>Value: 0.0 mm<br>Weather station: ",117.242723262529,"DATE: Aug-29<br><b>Cumulative precipitation</b><br>Value: 441.2 mm<br>Anomaly: +64.9 mm<br>Percent of normal: <b>117%</b><br>Weather station: ","DATE: Aug-29<br><b>Normal cumulative precipitation</b><br>376.3 mm<br>Period: 1991-2020","DATE: Aug-29<br><b>25-75 percentile</b><br>298.0 to 447.3 mm","DATE: Aug-29<br><b>10-90 percentile</b><br>256.4 to 496.0 mm","6158733","TORONTO+LESTER+B.+PEARSON+INT",1953,2026
"08-30",2001-08-30,376.72,227,538.2,256.37,297.975,447.325,496.02,1.5,442.7,"","6158731",51459,"TORONTO INTL A","DATE: Aug-30<br><b>Daily precipitation</b><br>Value: 1.5 mm<br>Weather station: ",117.514334253557,"DATE: Aug-30<br><b>Cumulative precipitation</b><br>Value: 442.7 mm<br>Anomaly: +66.0 mm<br>Percent of normal: <b>118%</b><br>Weather station: ","DATE: Aug-30<br><b>Normal cumulative precipitation</b><br>376.7 mm<br>Period: 1991-2020","DATE: Aug-30<br><b>25-75 percentile</b><br>298.0 to 447.3 mm","DATE: Aug-30<br><b>10-90 percentile</b><br>256.4 to 496.0 mm","6158733","TORONTO+LESTER+B.+PEARSON+INT",1953,2026
"08-31",2001-08-31,377.92,227,538.2,256.47,303.375,447.325,496.02,6.5,449.2,"","6158731",51459,"TORONTO INTL A","DATE: Aug-31<br><b>Daily precipitation</b><br>Value: 6.5 mm<br>Weather station: ",118.861134631668,"DATE: Aug-31<br><b>Cumulative precipitation</b><br>Value: 449.2 mm<br>Anomaly: +71.3 mm<br>Percent of normal: <b>119%</b><br>Weather station: ","DATE: Aug-31<br><b>Normal cumulative precipitation</b><br>377.9 mm<br>Period: 1991-2020","DATE: Aug-31<br><b>25-75 percentile</b><br>303.4 to 447.3 mm","DATE: Aug-31<br><b>10-90 percentile</b><br>256.5 to 496.0 mm","6158733","TORONTO+LESTER+B.+PEARSON+INT",1953,2026
"09-01",2001-09-01,378.54,227,539,256.47,305.775,447.325,496.02,0,449.2,"","6158731",51459,"TORONTO INTL A","DATE: Sep-01<br><b>Daily precipitation</b><br>Value: 0.0 mm<br>Weather station: ",118.666455328367,"DATE: Sep-01<br><b>Cumulative precipitation</b><br>Value: 449.2 mm<br>Anomaly: +70.7 mm<br>Percent of normal: <b>119%</b><br>Weather station: ","DATE: Sep-01<br><b>Normal cumulative precipitation</b><br>378.5 mm<br>Period: 1991-2020","DATE: Sep-01<br><b>25-75 percentile</b><br>305.8 to 447.3 mm","DATE: Sep-01<br><b>10-90 percentile</b><br>256.5 to 496.0 mm","6158733","TORONTO+LESTER+B.+PEARSON+INT",1953,2026
"09-02",2001-09-02,380.373333333333,227,539,256.47,306.975,449.5,496.02,43.3,492.5,"","6158731",51459,"TORONTO INTL A","DATE: Sep-02<br><b>Daily precipitation</b><br>Value: 43.3 mm<br>Weather station: ",129.478056646102,"DATE: Sep-02<br><b>Cumulative precipitation</b><br>Value: 492.5 mm<br>Anomaly: +112.1 mm<br>Percent of normal: <b>129%</b><br>Weather station: ","DATE: Sep-02<br><b>Normal cumulative precipitation</b><br>380.4 mm<br>Period: 1991-2020","DATE: Sep-02<br><b>25-75 percentile</b><br>307.0 to 449.5 mm","DATE: Sep-02<br><b>10-90 percentile</b><br>256.5 to 496.0 mm","6158733","TORONTO+LESTER+B.+PEARSON+INT",1953,2026
"09-03",2001-09-03,383.146666666667,227,545.4,256.47,308.475,451.975,496.02,0,492.5,"","6158731",51459,"TORONTO INTL A","DATE: Sep-03<br><b>Daily precipitation</b><br>Value: 0.0 mm<br>Weather station: ",128.54085467706,"DATE: Sep-03<br><b>Cumulative precipitation</b><br>Value: 492.5 mm<br>Anomaly: +109.4 mm<br>Percent of normal: <b>129%</b><br>Weather station: ","DATE: Sep-03<br><b>Normal cumulative precipitation</b><br>383.1 mm<br>Period: 1991-2020","DATE: Sep-03<br><b>25-75 percentile</b><br>308.5 to 452.0 mm","DATE: Sep-03<br><b>10-90 percentile</b><br>256.5 to 496.0 mm","6158733","TORONTO+LESTER+B.+PEARSON+INT",1953,2026
"09-04",2001-09-04,385.246666666667,227,545.4,256.47,308.625,451.975,496.02,0,492.5,"","6158731",51459,"TORONTO INTL A","DATE: Sep-04<br><b>Daily precipitation</b><br>Value: 0.0 mm<br>Weather station: ",127.840171664907,"DATE: Sep-04<br><b>Cumulative precipitation</b><br>Value: 492.5 mm<br>Anomaly: +107.3 mm<br>Percent of normal: <b>128%</b><br>Weather station: ","DATE: Sep-04<br><b>Normal cumulative precipitation</b><br>385.2 mm<br>Period: 1991-2020","DATE: Sep-04<br><b>25-75 percentile</b><br>308.6 to 452.0 mm","DATE: Sep-04<br><b>10-90 percentile</b><br>256.5 to 496.0 mm","6158733","TORONTO+LESTER+B.+PEARSON+INT",1953,2026
"09-05",2001-09-05,386.693333333333,227,545.6,257.95,308.625,452.075,496.08,0,492.5,"","6158731",51459,"TORONTO INTL A","DATE: Sep-05<br><b>Daily precipitation</b><br>Value: 0.0 mm<br>Weather station: ",127.361906075443,"DATE: Sep-05<br><b>Cumulative precipitation</b><br>Value: 492.5 mm<br>Anomaly: +105.8 mm<br>Percent of normal: <b>127%</b><br>Weather station: ","DATE: Sep-05<br><b>Normal cumulative precipitation</b><br>386.7 mm<br>Period: 1991-2020","DATE: Sep-05<br><b>25-75 percentile</b><br>308.6 to 452.1 mm","DATE: Sep-05<br><b>10-90 percentile</b><br>257.9 to 496.1 mm","6158733","TORONTO+LESTER+B.+PEARSON+INT",1953,2026
"09-06",2001-09-06,388.806666666667,227,546,261.96,308.625,452.225,496.78,0,492.5,"","6158731",51459,"TORONTO INTL A","DATE: Sep-06<br><b>Daily precipitation</b><br>Value: 0.0 mm<br>Weather station: ",126.669638723616,"DATE: Sep-06<br><b>Cumulative precipitation</b><br>Value: 492.5 mm<br>Anomaly: +103.7 mm<br>Percent of normal: <b>127%</b><br>Weather station: ","DATE: Sep-06<br><b>Normal cumulative precipitation</b><br>388.8 mm<br>Period: 1991-2020","DATE: Sep-06<br><b>25-75 percentile</b><br>308.6 to 452.2 mm","DATE: Sep-06<br><b>10-90 percentile</b><br>262.0 to 496.8 mm","6158733","TORONTO+LESTER+B.+PEARSON+INT",1953,2026
"09-07",2001-09-07,393.6,254.6,557,262.14,312.525,452.225,523.32,0,492.5,"","6158731",51459,"TORONTO INTL A","DATE: Sep-07<br><b>Daily precipitation</b><br>Value: 0.0 mm<br>Weather station: ",125.127032520325,"DATE: Sep-07<br><b>Cumulative precipitation</b><br>Value: 492.5 mm<br>Anomaly: +98.9 mm<br>Percent of normal: <b>125%</b><br>Weather station: ","DATE: Sep-07<br><b>Normal cumulative precipitation</b><br>393.6 mm<br>Period: 1991-2020","DATE: Sep-07<br><b>25-75 percentile</b><br>312.5 to 452.2 mm","DATE: Sep-07<br><b>10-90 percentile</b><br>262.1 to 523.3 mm","6158733","TORONTO+LESTER+B.+PEARSON+INT",1953,2026
"09-08",2001-09-08,396.62,254.6,561.6,262.58,312.525,452.525,524.42,0,492.5,"","6158731",51459,"TORONTO INTL A","DATE: Sep-08<br><b>Daily precipitation</b><br>Value: 0.0 mm<br>Weather station: ",124.1742726035,"DATE: Sep-08<br><b>Cumulative precipitation</b><br>Value: 492.5 mm<br>Anomaly: +95.9 mm<br>Percent of normal: <b>124%</b><br>Weather station: ","DATE: Sep-08<br><b>Normal cumulative precipitation</b><br>396.6 mm<br>Period: 1991-2020","DATE: Sep-08<br><b>25-75 percentile</b><br>312.5 to 452.5 mm","DATE: Sep-08<br><b>10-90 percentile</b><br>262.6 to 524.4 mm","6158733","TORONTO+LESTER+B.+PEARSON+INT",1953,2026
"09-09",2001-09-09,398.523333333333,254.6,565.3,262.58,312.525,452.825,529.26,1.3,493.8,"","6158731",51459,"TORONTO INTL A","DATE: Sep-09<br><b>Daily precipitation</b><br>Value: 1.3 mm<br>Weather station: ",123.907424910294,"DATE: Sep-09<br><b>Cumulative precipitation</b><br>Value: 493.8 mm<br>Anomaly: +95.3 mm<br>Percent of normal: <b>124%</b><br>Weather station: ","DATE: Sep-09<br><b>Normal cumulative precipitation</b><br>398.5 mm<br>Period: 1991-2020","DATE: Sep-09<br><b>25-75 percentile</b><br>312.5 to 452.8 mm","DATE: Sep-09<br><b>10-90 percentile</b><br>262.6 to 529.3 mm","6158733","TORONTO+LESTER+B.+PEARSON+INT",1953,2026
"09-10",2001-09-10,402.396666666667,261.4,570.1,270.04,312.625,474.575,529.26,0.4,494.2,"","6158731",51459,"TORONTO INTL A","DATE: Sep-10<br><b>Daily precipitation</b><br>Value: 0.4 mm<br>Weather station: ",122.814138619439,"DATE: Sep-10<br><b>Cumulative precipitation</b><br>Value: 494.2 mm<br>Anomaly: +91.8 mm<br>Percent of normal: <b>123%</b><br>Weather station: ","DATE: Sep-10<br><b>Normal cumulative precipitation</b><br>402.4 mm<br>Period: 1991-2020","DATE: Sep-10<br><b>25-75 percentile</b><br>312.6 to 474.6 mm","DATE: Sep-10<br><b>10-90 percentile</b><br>270.0 to 529.3 mm","6158733","TORONTO+LESTER+B.+PEARSON+INT",1953,2026
"09-11",2001-09-11,403.596666666667,262.8,570.1,270.24,312.625,474.575,534.66,0,494.2,"","6158731",51459,"TORONTO INTL A","DATE: Sep-11<br><b>Daily precipitation</b><br>Value: 0.0 mm<br>Weather station: ",122.448979591837,"DATE: Sep-11<br><b>Cumulative precipitation</b><br>Value: 494.2 mm<br>Anomaly: +90.6 mm<br>Percent of normal: <b>122%</b><br>Weather station: ","DATE: Sep-11<br><b>Normal cumulative precipitation</b><br>403.6 mm<br>Period: 1991-2020","DATE: Sep-11<br><b>25-75 percentile</b><br>312.6 to 474.6 mm","DATE: Sep-11<br><b>10-90 percentile</b><br>270.2 to 534.7 mm","6158733","TORONTO+LESTER+B.+PEARSON+INT",1953,2026
"09-12",2001-09-12,404.703333333333,263.2,570.1,270.24,312.625,474.625,542.32,0,494.2,"","6158731",51459,"TORONTO INTL A","DATE: Sep-12<br><b>Daily precipitation</b><br>Value: 0.0 mm<br>Weather station: ",122.114141222789,"DATE: Sep-12<br><b>Cumulative precipitation</b><br>Value: 494.2 mm<br>Anomaly: +89.5 mm<br>Percent of normal: <b>122%</b><br>Weather station: ","DATE: Sep-12<br><b>Normal cumulative precipitation</b><br>404.7 mm<br>Period: 1991-2020","DATE: Sep-12<br><b>25-75 percentile</b><br>312.6 to 474.6 mm","DATE: Sep-12<br><b>10-90 percentile</b><br>270.2 to 542.3 mm","6158733","TORONTO+LESTER+B.+PEARSON+INT",1953,2026
"09-13",2001-09-13,407.72,263.4,572.6,270.24,314.825,474.625,564.25,0,494.2,"","6158731",51459,"TORONTO INTL A","DATE: Sep-13<br><b>Daily precipitation</b><br>Value: 0.0 mm<br>Weather station: ",121.210634749338,"DATE: Sep-13<br><b>Cumulative precipitation</b><br>Value: 494.2 mm<br>Anomaly: +86.5 mm<br>Percent of normal: <b>121%</b><br>Weather station: ","DATE: Sep-13<br><b>Normal cumulative precipitation</b><br>407.7 mm<br>Period: 1991-2020","DATE: Sep-13<br><b>25-75 percentile</b><br>314.8 to 474.6 mm","DATE: Sep-13<br><b>10-90 percentile</b><br>270.2 to 564.2 mm","6158733","TORONTO+LESTER+B.+PEARSON+INT",1953,2026
"09-14",2001-09-14,410.226666666667,263.4,584,270.96,317.725,481.8,564.25,0,494.2,"","6158731",51459,"TORONTO INTL A","DATE: Sep-14<br><b>Daily precipitation</b><br>Value: 0.0 mm<br>Weather station: ",120.469984073845,"DATE: Sep-14<br><b>Cumulative precipitation</b><br>Value: 494.2 mm<br>Anomaly: +84.0 mm<br>Percent of normal: <b>120%</b><br>Weather station: ","DATE: Sep-14<br><b>Normal cumulative precipitation</b><br>410.2 mm<br>Period: 1991-2020","DATE: Sep-14<br><b>25-75 percentile</b><br>317.7 to 481.8 mm","DATE: Sep-14<br><b>10-90 percentile</b><br>271.0 to 564.2 mm","6158733","TORONTO+LESTER+B.+PEARSON+INT",1953,2026
"09-15",2001-09-15,412.193333333333,263.4,584,270.96,318.575,484.875,565.87,3.1,497.3,"","6158731",51459,"TORONTO INTL A","DATE: Sep-15<br><b>Daily precipitation</b><br>Value: 3.1 mm<br>Weather station: ",120.647269080852,"DATE: Sep-15<br><b>Cumulative precipitation</b><br>Value: 497.3 mm<br>Anomaly: +85.1 mm<br>Percent of normal: <b>121%</b><br>Weather station: ","DATE: Sep-15<br><b>Normal cumulative precipitation</b><br>412.2 mm<br>Period: 1991-2020","DATE: Sep-15<br><b>25-75 percentile</b><br>318.6 to 484.9 mm","DATE: Sep-15<br><b>10-90 percentile</b><br>271.0 to 565.9 mm","6158733","TORONTO+LESTER+B.+PEARSON+INT",1953,2026
"09-16",2001-09-16,414.156666666667,263.4,584,270.96,328.625,485.425,565.89,0,497.3,"","6158731",51459,"TORONTO INTL A","DATE: Sep-16<br><b>Daily precipitation</b><br>Value: 0.0 mm<br>Weather station: ",120.075333810877,"DATE: Sep-16<br><b>Cumulative precipitation</b><br>Value: 497.3 mm<br>Anomaly: +83.1 mm<br>Percent of normal: <b>120%</b><br>Weather station: ","DATE: Sep-16<br><b>Normal cumulative precipitation</b><br>414.2 mm<br>Period: 1991-2020","DATE: Sep-16<br><b>25-75 percentile</b><br>328.6 to 485.4 mm","DATE: Sep-16<br><b>10-90 percentile</b><br>271.0 to 565.9 mm","6158733","TORONTO+LESTER+B.+PEARSON+INT",1953,2026
"09-17",2001-09-17,414.683333333333,263.4,584,272.54,328.625,485.425,565.99,0,497.3,"","6158731",51459,"TORONTO INTL A","DATE: Sep-17<br><b>Daily precipitation</b><br>Value: 0.0 mm<br>Weather station: ",119.922832683574,"DATE: Sep-17<br><b>Cumulative precipitation</b><br>Value: 497.3 mm<br>Anomaly: +82.6 mm<br>Percent of normal: <b>120%</b><br>Weather station: ","DATE: Sep-17<br><b>Normal cumulative precipitation</b><br>414.7 mm<br>Period: 1991-2020","DATE: Sep-17<br><b>25-75 percentile</b><br>328.6 to 485.4 mm","DATE: Sep-17<br><b>10-90 percentile</b><br>272.5 to 566.0 mm","6158733","TORONTO+LESTER+B.+PEARSON+INT",1953,2026
"09-18",2001-09-18,416.693333333333,263.4,598.2,272.54,328.625,485.425,566.24,0,497.3,"","6158731",51459,"TORONTO INTL A","DATE: Sep-18<br><b>Daily precipitation</b><br>Value: 0.0 mm<br>Weather station: ",119.344361960835,"DATE: Sep-18<br><b>Cumulative precipitation</b><br>Value: 497.3 mm<br>Anomaly: +80.6 mm<br>Percent of normal: <b>119%</b><br>Weather station: ","DATE: Sep-18<br><b>Normal cumulative precipitation</b><br>416.7 mm<br>Period: 1991-2020","DATE: Sep-18<br><b>25-75 percentile</b><br>328.6 to 485.4 mm","DATE: Sep-18<br><b>10-90 percentile</b><br>272.5 to 566.2 mm","6158733","TORONTO+LESTER+B.+PEARSON+INT",1953,2026
"09-19",2001-09-19,419.206666666667,271,598.2,278.44,328.675,485.425,566.24,0,497.3,"","6158731",51459,"TORONTO INTL A","DATE: Sep-19<br><b>Daily precipitation</b><br>Value: 0.0 mm<br>Weather station: ",118.628838599895,"DATE: Sep-19<br><b>Cumulative precipitation</b><br>Value: 497.3 mm<br>Anomaly: +78.1 mm<br>Percent of normal: <b>119%</b><br>Weather station: ","DATE: Sep-19<br><b>Normal cumulative precipitation</b><br>419.2 mm<br>Period: 1991-2020","DATE: Sep-19<br><b>25-75 percentile</b><br>328.7 to 485.4 mm","DATE: Sep-19<br><b>10-90 percentile</b><br>278.4 to 566.2 mm","6158733","TORONTO+LESTER+B.+PEARSON+INT",1953,2026
"09-20",2001-09-20,420.58,271,598.2,280.9,334.525,485.8,574.1,0,497.3,"","6158731",51459,"TORONTO INTL A","DATE: Sep-20<br><b>Daily precipitation</b><br>Value: 0.0 mm<br>Weather station: ",118.241476056874,"DATE: Sep-20<br><b>Cumulative precipitation</b><br>Value: 497.3 mm<br>Anomaly: +76.7 mm<br>Percent of normal: <b>118%</b><br>Weather station: ","DATE: Sep-20<br><b>Normal cumulative precipitation</b><br>420.6 mm<br>Period: 1991-2020","DATE: Sep-20<br><b>25-75 percentile</b><br>334.5 to 485.8 mm","DATE: Sep-20<br><b>10-90 percentile</b><br>280.9 to 574.1 mm","6158733","TORONTO+LESTER+B.+PEARSON+INT",1953,2026
"09-21",2001-09-21,423.093333333333,271,602.8,285.05,334.575,485.8,574.82,0,497.3,"","6158731",51459,"TORONTO INTL A","DATE: Sep-21<br><b>Daily precipitation</b><br>Value: 0.0 mm<br>Weather station: ",117.539077272154,"DATE: Sep-21<br><b>Cumulative precipitation</b><br>Value: 497.3 mm<br>Anomaly: +74.2 mm<br>Percent of normal: <b>118%</b><br>Weather station: ","DATE: Sep-21<br><b>Normal cumulative precipitation</b><br>423.1 mm<br>Period: 1991-2020","DATE: Sep-21<br><b>25-75 percentile</b><br>334.6 to 485.8 mm","DATE: Sep-21<br><b>10-90 percentile</b><br>285.0 to 574.8 mm","6158733","TORONTO+LESTER+B.+PEARSON+INT",1953,2026
"09-22",2001-09-22,426.373333333333,271,625.4,285.05,340.325,487.3,584,0,497.3,"","6158731",51459,"TORONTO INTL A","DATE: Sep-22<br><b>Daily precipitation</b><br>Value: 0.0 mm<br>Weather station: ",116.634873975858,"DATE: Sep-22<br><b>Cumulative precipitation</b><br>Value: 497.3 mm<br>Anomaly: +70.9 mm<br>Percent of normal: <b>117%</b><br>Weather station: ","DATE: Sep-22<br><b>Normal cumulative precipitation</b><br>426.4 mm<br>Period: 1991-2020","DATE: Sep-22<br><b>25-75 percentile</b><br>340.3 to 487.3 mm","DATE: Sep-22<br><b>10-90 percentile</b><br>285.0 to 584.0 mm","6158733","TORONTO+LESTER+B.+PEARSON+INT",1953,2026
"09-23",2001-09-23,428.306666666667,271,625.4,285.05,340.325,487.45,584,0,497.3,"","6158731",51459,"TORONTO INTL A","DATE: Sep-23<br><b>Daily precipitation</b><br>Value: 0.0 mm<br>Weather station: ",116.108395853438,"DATE: Sep-23<br><b>Cumulative precipitation</b><br>Value: 497.3 mm<br>Anomaly: +69.0 mm<br>Percent of normal: <b>116%</b><br>Weather station: ","DATE: Sep-23<br><b>Normal cumulative precipitation</b><br>428.3 mm<br>Period: 1991-2020","DATE: Sep-23<br><b>25-75 percentile</b><br>340.3 to 487.4 mm","DATE: Sep-23<br><b>10-90 percentile</b><br>285.0 to 584.0 mm","6158733","TORONTO+LESTER+B.+PEARSON+INT",1953,2026
"09-24",2001-09-24,429.366666666667,271,625.4,287.39,340.325,487.45,585.18,0,497.3,NA,"6158731",51459,"TORONTO INTL A","DATE: Sep-24<br><b>Daily precipitation</b><br>Value: 0.0 mm<br>Weather station: NA",115.82175296949,"DATE: Sep-24<br><b>Cumulative precipitation</b><br>Value: 497.3 mm<br>Anomaly: +67.9 mm<br>Percent of normal: <b>116%</b><br>Weather station: NA","DATE: Sep-24<br><b>Normal cumulative precipitation</b><br>429.4 mm<br>Period: 1991-2020","DATE: Sep-24<br><b>25-75 percentile</b><br>340.3 to 487.4 mm","DATE: Sep-24<br><b>10-90 percentile</b><br>287.4 to 585.2 mm","6158733","TORONTO+LESTER+B.+PEARSON+INT",1953,2026
"09-25",2001-09-25,430.566666666667,271.2,625.4,287.81,344.425,487.6,585.18,0,497.3,NA,"6158731",51459,"TORONTO INTL A","DATE: Sep-25<br><b>Daily precipitation</b><br>Value: 0.0 mm<br>Weather station: NA",115.498954865681,"DATE: Sep-25<br><b>Cumulative precipitation</b><br>Value: 497.3 mm<br>Anomaly: +66.7 mm<br>Percent of normal: <b>115%</b><br>Weather station: NA","DATE: Sep-25<br><b>Normal cumulative precipitation</b><br>430.6 mm<br>Period: 1991-2020","DATE: Sep-25<br><b>25-75 percentile</b><br>344.4 to 487.6 mm","DATE: Sep-25<br><b>10-90 percentile</b><br>287.8 to 585.2 mm","6158733","TORONTO+LESTER+B.+PEARSON+INT",1953,2026
"09-26",2001-09-26,432.946666666667,273.8,625.4,287.81,351.625,488.05,585.5,0,497.3,NA,"6158731",51459,"TORONTO INTL A","DATE: Sep-26<br><b>Daily precipitation</b><br>Value: 0.0 mm<br>Weather station: NA",114.864032521327,"DATE: Sep-26<br><b>Cumulative precipitation</b><br>Value: 497.3 mm<br>Anomaly: +64.4 mm<br>Percent of normal: <b>115%</b><br>Weather station: NA","DATE: Sep-26<br><b>Normal cumulative precipitation</b><br>432.9 mm<br>Period: 1991-2020","DATE: Sep-26<br><b>25-75 percentile</b><br>351.6 to 488.0 mm","DATE: Sep-26<br><b>10-90 percentile</b><br>287.8 to 585.5 mm","6158733","TORONTO+LESTER+B.+PEARSON+INT",1953,2026
"09-27",2001-09-27,436.193333333333,274,627.8,287.81,373.375,491.95,588.22,0,497.3,NA,"6158731",51459,"TORONTO INTL A","DATE: Sep-27<br><b>Daily precipitation</b><br>Value: 0.0 mm<br>Weather station: NA",114.009078543154,"DATE: Sep-27<br><b>Cumulative precipitation</b><br>Value: 497.3 mm<br>Anomaly: +61.1 mm<br>Percent of normal: <b>114%</b><br>Weather station: NA","DATE: Sep-27<br><b>Normal cumulative precipitation</b><br>436.2 mm<br>Period: 1991-2020","DATE: Sep-27<br><b>25-75 percentile</b><br>373.4 to 492.0 mm","DATE: Sep-27<br><b>10-90 percentile</b><br>287.8 to 588.2 mm","6158733","TORONTO+LESTER+B.+PEARSON+INT",1953,2026
"09-28",2001-09-28,439.053333333333,274.4,628,287.81,373.375,507.1,588.4,NA,NA,NA,NA,NA,NA,"",NA,"","DATE: Sep-28<br><b>Normal cumulative precipitation</b><br>439.1 mm<br>Period: 1991-2020","DATE: Sep-28<br><b>25-75 percentile</b><br>373.4 to 507.1 mm","DATE: Sep-28<br><b>10-90 percentile</b><br>287.8 to 588.4 mm","6158733","TORONTO+LESTER+B.+PEARSON+INT",1953,2026
"09-29",2001-09-29,442.333333333333,274.4,628,307.8,374.825,507.1,588.48,NA,NA,NA,NA,NA,NA,"",NA,"","DATE: Sep-29<br><b>Normal cumulative precipitation</b><br>442.3 mm<br>Period: 1991-2020","DATE: Sep-29<br><b>25-75 percentile</b><br>374.8 to 507.1 mm","DATE: Sep-29<br><b>10-90 percentile</b><br>307.8 to 588.5 mm","6158733","TORONTO+LESTER+B.+PEARSON+INT",1953,2026
"09-30",2001-09-30,444.606666666667,274.4,628,307.98,374.825,507.95,603.42,NA,NA,NA,NA,NA,NA,"",NA,"","DATE: Sep-30<br><b>Normal cumulative precipitation</b><br>444.6 mm<br>Period: 1991-2020","DATE: Sep-30<br><b>25-75 percentile</b><br>374.8 to 508.0 mm","DATE: Sep-30<br><b>10-90 percentile</b><br>308.0 to 603.4 mm","6158733","TORONTO+LESTER+B.+PEARSON+INT",1953,2026
"10-01",2001-10-01,445.76,275,628,307.98,374.825,511.45,603.6,NA,NA,NA,NA,NA,NA,"",NA,"","DATE: Oct-01<br><b>Normal cumulative precipitation</b><br>445.8 mm<br>Period: 1991-2020","DATE: Oct-01<br><b>25-75 percentile</b><br>374.8 to 511.4 mm","DATE: Oct-01<br><b>10-90 percentile</b><br>308.0 to 603.6 mm","6158733","TORONTO+LESTER+B.+PEARSON+INT",1953,2026
"10-02",2001-10-02,447.853333333333,276.4,628,308.6,375.575,515.825,607.66,NA,NA,NA,NA,NA,NA,"",NA,"","DATE: Oct-02<br><b>Normal cumulative precipitation</b><br>447.9 mm<br>Period: 1991-2020","DATE: Oct-02<br><b>25-75 percentile</b><br>375.6 to 515.8 mm","DATE: Oct-02<br><b>10-90 percentile</b><br>308.6 to 607.7 mm","6158733","TORONTO+LESTER+B.+PEARSON+INT",1953,2026
"10-03",2001-10-03,449.776666666667,276.4,628,308.6,376.625,516.8,608.74,NA,NA,NA,NA,NA,NA,"",NA,"","DATE: Oct-03<br><b>Normal cumulative precipitation</b><br>449.8 mm<br>Period: 1991-2020","DATE: Oct-03<br><b>25-75 percentile</b><br>376.6 to 516.8 mm","DATE: Oct-03<br><b>10-90 percentile</b><br>308.6 to 608.7 mm","6158733","TORONTO+LESTER+B.+PEARSON+INT",1953,2026
"10-04",2001-10-04,451.75,276.4,628,314.54,379.775,518.675,608.74,NA,NA,NA,NA,NA,NA,"",NA,"","DATE: Oct-04<br><b>Normal cumulative precipitation</b><br>451.8 mm<br>Period: 1991-2020","DATE: Oct-04<br><b>25-75 percentile</b><br>379.8 to 518.7 mm","DATE: Oct-04<br><b>10-90 percentile</b><br>314.5 to 608.7 mm","6158733","TORONTO+LESTER+B.+PEARSON+INT",1953,2026
"10-05",2001-10-05,455.99,276.4,628,318.59,379.775,521.525,610.72,NA,NA,NA,NA,NA,NA,"",NA,"","DATE: Oct-05<br><b>Normal cumulative precipitation</b><br>456.0 mm<br>Period: 1991-2020","DATE: Oct-05<br><b>25-75 percentile</b><br>379.8 to 521.5 mm","DATE: Oct-05<br><b>10-90 percentile</b><br>318.6 to 610.7 mm","6158733","TORONTO+LESTER+B.+PEARSON+INT",1953,2026
"10-06",2001-10-06,457.683333333333,285.6,628,318.59,379.775,524.475,611.84,NA,NA,NA,NA,NA,NA,"",NA,"","DATE: Oct-06<br><b>Normal cumulative precipitation</b><br>457.7 mm<br>Period: 1991-2020","DATE: Oct-06<br><b>25-75 percentile</b><br>379.8 to 524.5 mm","DATE: Oct-06<br><b>10-90 percentile</b><br>318.6 to 611.8 mm","6158733","TORONTO+LESTER+B.+PEARSON+INT",1953,2026
"10-07",2001-10-07,459.496666666667,286,628,333.53,381.675,525.975,612.72,NA,NA,NA,NA,NA,NA,"",NA,"","DATE: Oct-07<br><b>Normal cumulative precipitation</b><br>459.5 mm<br>Period: 1991-2020","DATE: Oct-07<br><b>25-75 percentile</b><br>381.7 to 526.0 mm","DATE: Oct-07<br><b>10-90 percentile</b><br>333.5 to 612.7 mm","6158733","TORONTO+LESTER+B.+PEARSON+INT",1953,2026
"10-08",2001-10-08,460.703333333333,286,628.2,334.53,381.675,525.975,619.56,NA,NA,NA,NA,NA,NA,"",NA,"","DATE: Oct-08<br><b>Normal cumulative precipitation</b><br>460.7 mm<br>Period: 1991-2020","DATE: Oct-08<br><b>25-75 percentile</b><br>381.7 to 526.0 mm","DATE: Oct-08<br><b>10-90 percentile</b><br>334.5 to 619.6 mm","6158733","TORONTO+LESTER+B.+PEARSON+INT",1953,2026
"10-09",2001-10-09,463.203333333333,289.6,641.6,334.53,381.675,525.975,619.56,NA,NA,NA,NA,NA,NA,"",NA,"","DATE: Oct-09<br><b>Normal cumulative precipitation</b><br>463.2 mm<br>Period: 1991-2020","DATE: Oct-09<br><b>25-75 percentile</b><br>381.7 to 526.0 mm","DATE: Oct-09<br><b>10-90 percentile</b><br>334.5 to 619.6 mm","6158733","TORONTO+LESTER+B.+PEARSON+INT",1953,2026
"10-10",2001-10-10,463.85,293.4,644.8,334.53,381.675,525.975,619.56,NA,NA,NA,NA,NA,NA,"",NA,"","DATE: Oct-10<br><b>Normal cumulative precipitation</b><br>463.8 mm<br>Period: 1991-2020","DATE: Oct-10<br><b>25-75 percentile</b><br>381.7 to 526.0 mm","DATE: Oct-10<br><b>10-90 percentile</b><br>334.5 to 619.6 mm","6158733","TORONTO+LESTER+B.+PEARSON+INT",1953,2026
"10-11",2001-10-11,465.003333333333,293.4,644.8,334.53,382.025,525.975,619.56,NA,NA,NA,NA,NA,NA,"",NA,"","DATE: Oct-11<br><b>Normal cumulative precipitation</b><br>465.0 mm<br>Period: 1991-2020","DATE: Oct-11<br><b>25-75 percentile</b><br>382.0 to 526.0 mm","DATE: Oct-11<br><b>10-90 percentile</b><br>334.5 to 619.6 mm","6158733","TORONTO+LESTER+B.+PEARSON+INT",1953,2026
"10-12",2001-10-12,466.976666666667,293.4,649,334.53,385.5,526.475,619.56,NA,NA,NA,NA,NA,NA,"",NA,"","DATE: Oct-12<br><b>Normal cumulative precipitation</b><br>467.0 mm<br>Period: 1991-2020","DATE: Oct-12<br><b>25-75 percentile</b><br>385.5 to 526.5 mm","DATE: Oct-12<br><b>10-90 percentile</b><br>334.5 to 619.6 mm","6158733","TORONTO+LESTER+B.+PEARSON+INT",1953,2026
"10-13",2001-10-13,469.05,293.4,649,334.53,389.325,526.475,619.56,NA,NA,NA,NA,NA,NA,"",NA,"","DATE: Oct-13<br><b>Normal cumulative precipitation</b><br>469.0 mm<br>Period: 1991-2020","DATE: Oct-13<br><b>25-75 percentile</b><br>389.3 to 526.5 mm","DATE: Oct-13<br><b>10-90 percentile</b><br>334.5 to 619.6 mm","6158733","TORONTO+LESTER+B.+PEARSON+INT",1953,2026
"10-14",2001-10-14,471.683333333333,293.4,650.8,339.57,390.525,535.95,619.56,NA,NA,NA,NA,NA,NA,"",NA,"","DATE: Oct-14<br><b>Normal cumulative precipitation</b><br>471.7 mm<br>Period: 1991-2020","DATE: Oct-14<br><b>25-75 percentile</b><br>390.5 to 536.0 mm","DATE: Oct-14<br><b>10-90 percentile</b><br>339.6 to 619.6 mm","6158733","TORONTO+LESTER+B.+PEARSON+INT",1953,2026
"10-15",2001-10-15,473.883333333333,294.2,667.8,339.57,390.525,537.55,620.84,NA,NA,NA,NA,NA,NA,"",NA,"","DATE: Oct-15<br><b>Normal cumulative precipitation</b><br>473.9 mm<br>Period: 1991-2020","DATE: Oct-15<br><b>25-75 percentile</b><br>390.5 to 537.6 mm","DATE: Oct-15<br><b>10-90 percentile</b><br>339.6 to 620.8 mm","6158733","TORONTO+LESTER+B.+PEARSON+INT",1953,2026
"10-16",2001-10-16,476.753333333333,295.2,677.3,339.73,395.975,538.2,624.36,NA,NA,NA,NA,NA,NA,"",NA,"","DATE: Oct-16<br><b>Normal cumulative precipitation</b><br>476.8 mm<br>Period: 1991-2020","DATE: Oct-16<br><b>25-75 percentile</b><br>396.0 to 538.2 mm","DATE: Oct-16<br><b>10-90 percentile</b><br>339.7 to 624.4 mm","6158733","TORONTO+LESTER+B.+PEARSON+INT",1953,2026
"10-17",2001-10-17,478.606666666667,295.2,677.3,339.73,396.075,538.25,624.98,NA,NA,NA,NA,NA,NA,"",NA,"","DATE: Oct-17<br><b>Normal cumulative precipitation</b><br>478.6 mm<br>Period: 1991-2020","DATE: Oct-17<br><b>25-75 percentile</b><br>396.1 to 538.2 mm","DATE: Oct-17<br><b>10-90 percentile</b><br>339.7 to 625.0 mm","6158733","TORONTO+LESTER+B.+PEARSON+INT",1953,2026
"10-18",2001-10-18,480.606666666667,295.8,681.1,339.77,396.075,541.4,625.22,NA,NA,NA,NA,NA,NA,"",NA,"","DATE: Oct-18<br><b>Normal cumulative precipitation</b><br>480.6 mm<br>Period: 1991-2020","DATE: Oct-18<br><b>25-75 percentile</b><br>396.1 to 541.4 mm","DATE: Oct-18<br><b>10-90 percentile</b><br>339.8 to 625.2 mm","6158733","TORONTO+LESTER+B.+PEARSON+INT",1953,2026
"10-19",2001-10-19,483.36,295.8,681.1,339.77,397.725,544,625.22,NA,NA,NA,NA,NA,NA,"",NA,"","DATE: Oct-19<br><b>Normal cumulative precipitation</b><br>483.4 mm<br>Period: 1991-2020","DATE: Oct-19<br><b>25-75 percentile</b><br>397.7 to 544.0 mm","DATE: Oct-19<br><b>10-90 percentile</b><br>339.8 to 625.2 mm","6158733","TORONTO+LESTER+B.+PEARSON+INT",1953,2026
"10-20",2001-10-20,486.086666666667,295.8,690.1,340.71,397.725,547.1,628.28,NA,NA,NA,NA,NA,NA,"",NA,"","DATE: Oct-20<br><b>Normal cumulative precipitation</b><br>486.1 mm<br>Period: 1991-2020","DATE: Oct-20<br><b>25-75 percentile</b><br>397.7 to 547.1 mm","DATE: Oct-20<br><b>10-90 percentile</b><br>340.7 to 628.3 mm","6158733","TORONTO+LESTER+B.+PEARSON+INT",1953,2026
"10-21",2001-10-21,487.32,295.8,690.5,341.27,397.725,547.35,629.44,NA,NA,NA,NA,NA,NA,"",NA,"","DATE: Oct-21<br><b>Normal cumulative precipitation</b><br>487.3 mm<br>Period: 1991-2020","DATE: Oct-21<br><b>25-75 percentile</b><br>397.7 to 547.4 mm","DATE: Oct-21<br><b>10-90 percentile</b><br>341.3 to 629.4 mm","6158733","TORONTO+LESTER+B.+PEARSON+INT",1953,2026
"10-22",2001-10-22,489.333333333333,295.8,690.5,341.27,407.25,552.65,629.44,NA,NA,NA,NA,NA,NA,"",NA,"","DATE: Oct-22<br><b>Normal cumulative precipitation</b><br>489.3 mm<br>Period: 1991-2020","DATE: Oct-22<br><b>25-75 percentile</b><br>407.2 to 552.7 mm","DATE: Oct-22<br><b>10-90 percentile</b><br>341.3 to 629.4 mm","6158733","TORONTO+LESTER+B.+PEARSON+INT",1953,2026
"10-23",2001-10-23,492.403333333333,297.6,692.8,341.27,412.6,555.55,629.44,NA,NA,NA,NA,NA,NA,"",NA,"","DATE: Oct-23<br><b>Normal cumulative precipitation</b><br>492.4 mm<br>Period: 1991-2020","DATE: Oct-23<br><b>25-75 percentile</b><br>412.6 to 555.5 mm","DATE: Oct-23<br><b>10-90 percentile</b><br>341.3 to 629.4 mm","6158733","TORONTO+LESTER+B.+PEARSON+INT",1953,2026
"10-24",2001-10-24,493.45,297.6,692.8,341.27,416.55,556,631.78,NA,NA,NA,NA,NA,NA,"",NA,"","DATE: Oct-24<br><b>Normal cumulative precipitation</b><br>493.4 mm<br>Period: 1991-2020","DATE: Oct-24<br><b>25-75 percentile</b><br>416.5 to 556.0 mm","DATE: Oct-24<br><b>10-90 percentile</b><br>341.3 to 631.8 mm","6158733","TORONTO+LESTER+B.+PEARSON+INT",1953,2026
"10-25",2001-10-25,495.043333333333,297.6,692.8,341.27,418.05,556,637.44,NA,NA,NA,NA,NA,NA,"",NA,"","DATE: Oct-25<br><b>Normal cumulative precipitation</b><br>495.0 mm<br>Period: 1991-2020","DATE: Oct-25<br><b>25-75 percentile</b><br>418.0 to 556.0 mm","DATE: Oct-25<br><b>10-90 percentile</b><br>341.3 to 637.4 mm","6158733","TORONTO+LESTER+B.+PEARSON+INT",1953,2026
"10-26",2001-10-26,497.723333333333,313.4,693.8,341.41,418.2,564.2,642.56,NA,NA,NA,NA,NA,NA,"",NA,"","DATE: Oct-26<br><b>Normal cumulative precipitation</b><br>497.7 mm<br>Period: 1991-2020","DATE: Oct-26<br><b>25-75 percentile</b><br>418.2 to 564.2 mm","DATE: Oct-26<br><b>10-90 percentile</b><br>341.4 to 642.6 mm","6158733","TORONTO+LESTER+B.+PEARSON+INT",1953,2026
"10-27",2001-10-27,501.583333333333,314.6,693.8,342.23,418.85,570,644.58,NA,NA,NA,NA,NA,NA,"",NA,"","DATE: Oct-27<br><b>Normal cumulative precipitation</b><br>501.6 mm<br>Period: 1991-2020","DATE: Oct-27<br><b>25-75 percentile</b><br>418.8 to 570.0 mm","DATE: Oct-27<br><b>10-90 percentile</b><br>342.2 to 644.6 mm","6158733","TORONTO+LESTER+B.+PEARSON+INT",1953,2026
"10-28",2001-10-28,503.883333333333,314.6,693.8,342.95,418.85,570,644.58,NA,NA,NA,NA,NA,NA,"",NA,"","DATE: Oct-28<br><b>Normal cumulative precipitation</b><br>503.9 mm<br>Period: 1991-2020","DATE: Oct-28<br><b>25-75 percentile</b><br>418.8 to 570.0 mm","DATE: Oct-28<br><b>10-90 percentile</b><br>343.0 to 644.6 mm","6158733","TORONTO+LESTER+B.+PEARSON+INT",1953,2026
"10-29",2001-10-29,504.79,314.6,694,342.95,418.85,570.15,644.62,NA,NA,NA,NA,NA,NA,"",NA,"","DATE: Oct-29<br><b>Normal cumulative precipitation</b><br>504.8 mm<br>Period: 1991-2020","DATE: Oct-29<br><b>25-75 percentile</b><br>418.8 to 570.1 mm","DATE: Oct-29<br><b>10-90 percentile</b><br>343.0 to 644.6 mm","6158733","TORONTO+LESTER+B.+PEARSON+INT",1953,2026
"10-30",2001-10-30,506.636666666667,314.6,697.8,343.09,418.85,570.15,644.62,NA,NA,NA,NA,NA,NA,"",NA,"","DATE: Oct-30<br><b>Normal cumulative precipitation</b><br>506.6 mm<br>Period: 1991-2020","DATE: Oct-30<br><b>25-75 percentile</b><br>418.8 to 570.1 mm","DATE: Oct-30<br><b>10-90 percentile</b><br>343.1 to 644.6 mm","6158733","TORONTO+LESTER+B.+PEARSON+INT",1953,2026
"10-31",2001-10-31,508.963333333333,315.6,697.8,343.09,420.35,571.3,644.62,NA,NA,NA,NA,NA,NA,"",NA,"","DATE: Oct-31<br><b>Normal cumulative precipitation</b><br>509.0 mm<br>Period: 1991-2020","DATE: Oct-31<br><b>25-75 percentile</b><br>420.3 to 571.3 mm","DATE: Oct-31<br><b>10-90 percentile</b><br>343.1 to 644.6 mm","6158733","TORONTO+LESTER+B.+PEARSON+INT",1953,2026
